1.000000 0.002900 
0.981250 0.006130 
0.968750 0.009020 
0.956250 0.011750 
0.943750 0.014440 
0.931250 0.017160 
0.918750 0.019920 
0.906250 0.022750 
0.893750 0.025620 
0.881250 0.028530 
0.868750 0.031460 
0.856250 0.034380 
0.843750 0.037280 
0.831250 0.040150 
0.818750 0.042970 
0.806250 0.045740 
0.793750 0.048460 
0.781250 0.051130 
0.768750 0.053750 
0.756250 0.056320 
0.743750 0.058850 
0.731250 0.061330 
0.718750 0.063780 
0.706250 0.066200 
0.693750 0.068570 
0.681250 0.070900 
0.668750 0.073180 
0.656250 0.075410 
0.643750 0.077580 
0.631250 0.079680 
0.618750 0.081700 
0.606250 0.083630 
0.593750 0.085470 
0.581250 0.087200 
0.568750 0.088810 
0.556250 0.090300 
0.543750 0.091670 
0.531250 0.092920 
0.518750 0.094030 
0.506250 0.095030 
0.493750 0.095900 
0.481250 0.096650 
0.468750 0.097300 
0.456250 0.097850 
0.443750 0.098300 
0.431250 0.098670 
0.418750 0.098960 
0.406250 0.099180 
0.393750 0.099330 
0.381250 0.099420 
0.368750 0.099460 
0.356250 0.099430 
0.343750 0.099330 
0.331250 0.099170 
0.318750 0.098930 
0.306250 0.098590 
0.293750 0.098160 
0.281250 0.097620 
0.268750 0.096960 
0.256250 0.096170 
0.245000 0.095330 
0.235000 0.094500 
0.225000 0.093570 
0.215000 0.092550 
0.205000 0.091440 
0.195000 0.090250 
0.185000 0.088970 
0.175000 0.087630 
0.165000 0.086220 
0.155000 0.084740 
0.145000 0.083200 
0.135000 0.081610 
0.125000 0.079940 
0.115000 0.078170 
0.105000 0.076280 
0.095000 0.074200 
0.085000 0.071860 
0.075000 0.069140 
0.065000 0.065900 
0.055000 0.061930 
0.045000 0.056960 
0.035000 0.050660 
0.025000 0.042600 
0.015000 0.032250 
0.005000 0.018960 
0.000000 0.000000 
0.010000 -0.017570 
0.020000 -0.025040 
0.030000 -0.030930 
0.040000 -0.035590 
0.050000 -0.039330 
0.060000 -0.042380 
0.070000 -0.044920 
0.080000 -0.047090 
0.090000 -0.049000 
0.100000 -0.050730 
0.110000 -0.052320 
0.120000 -0.053820 
0.130000 -0.055240 
0.140000 -0.056600 
0.150000 -0.057910 
0.160000 -0.059170 
0.170000 -0.060380 
0.180000 -0.061520 
0.190000 -0.062600 
0.200000 -0.063610 
0.210000 -0.064560 
0.220000 -0.065430 
0.230000 -0.066220 
0.240000 -0.066930 
0.250000 -0.067580 
0.262500 -0.068280 
0.275000 -0.068870 
0.287500 -0.069360 
0.300000 -0.069760 
0.312500 -0.070080 
0.325000 -0.070320 
0.337500 -0.070500 
0.350000 -0.070610 
0.362500 -0.070660 
0.375000 -0.070650 
0.387500 -0.070590 
0.400000 -0.070470 
0.412500 -0.070280 
0.425000 -0.070020 
0.437500 -0.069680 
0.450000 -0.069260 
0.462500 -0.068750 
0.475000 -0.068130 
0.487500 -0.067400 
0.500000 -0.066550 
0.512500 -0.065580 
0.525000 -0.064480 
0.537500 -0.063250 
0.550000 -0.061890 
0.562500 -0.060400 
0.575000 -0.058780 
0.587500 -0.057040 
0.600000 -0.055180 
0.612500 -0.053210 
0.625000 -0.051150 
0.637500 -0.049010 
0.650000 -0.046790 
0.662500 -0.044510 
0.675000 -0.042190 
0.687500 -0.039830 
0.700000 -0.037440 
0.712500 -0.035050 
0.725000 -0.032650 
0.737500 -0.030260 
0.750000 -0.027890 
0.762500 -0.025550 
0.775000 -0.023230 
0.787500 -0.020960 
0.800000 -0.018740 
0.812500 -0.016570 
0.825000 -0.014480 
0.837500 -0.012470 
0.850000 -0.010570 
0.862500 -0.008790 
0.875000 -0.007150 
0.887500 -0.005700 
0.900000 -0.004460 
0.912500 -0.003470 
0.925000 -0.002770 
0.937500 -0.002390 
0.950000 -0.002360 
0.962500 -0.002710 
0.975000 -0.003430 
1.000000 -0.007100 
