1.000000 0.002900 
0.981250 0.006130 
0.968750 0.009020 
0.956250 0.011750 
0.943750 0.014440 
0.931250 0.017160 
0.918750 0.019920 
0.906250 0.022750 
0.893750 0.025620 
0.881250 0.028530 
0.868750 0.031460 
0.856250 0.034380 
0.843750 0.037280 
0.831250 0.040150 
0.818750 0.042970 
0.806250 0.045740 
0.793750 0.048460 
0.781250 0.051130 
0.768750 0.053750 
0.756250 0.056320 
0.743750 0.058850 
0.731250 0.061330 
0.718750 0.063780 
0.706250 0.066200 
0.693750 0.068570 
0.681250 0.070900 
0.668750 0.073180 
0.656250 0.075410 
0.643750 0.077580 
0.631250 0.079680 
0.618750 0.081700 
0.606250 0.083630 
0.593750 0.085470 
0.581250 0.087200 
0.568750 0.088810 
0.556250 0.090300 
0.543750 0.091670 
0.531250 0.092920 
0.518750 0.094030 
0.506250 0.095030 
0.493750 0.095900 
0.481250 0.096650 
0.468750 0.097300 
0.456250 0.097850 
0.443750 0.098300 
0.431250 0.098670 
0.418750 0.098960 
0.406250 0.099180 
0.393750 0.099330 
0.381250 0.099420 
0.368750 0.099460 
0.356250 0.099430 
0.343750 0.099330 
0.331250 0.099170 
0.318750 0.098930 
0.306250 0.098590 
0.293750 0.098160 
0.281250 0.097620 
0.268750 0.096960 
0.256250 0.096170 
0.245000 0.095330 
0.235000 0.094500 
0.225000 0.093570 
0.215000 0.092550 
0.205000 0.091440 
0.195000 0.090250 
0.185000 0.088970 
0.175000 0.087630 
0.165000 0.086220 
0.155000 0.084740 
0.145000 0.083200 
0.135000 0.081610 
0.125000 0.079940 
0.115000 0.078170 
0.105000 0.076280 
0.095000 0.074200 
0.085000 0.071860 
0.075000 0.069140 
0.065000 0.065900 
0.055000 0.061930 
0.045000 0.056960 
0.035000 0.050660 
0.025000 0.042600 
0.015000 0.032250 
0.005000 0.018960 
0.000000 0.000000 
0.010000 -0.017570 
0.020000 -0.025040 
0.030000 -0.030930 
0.040000 -0.035590 
0.050000 -0.039330 
0.060000 -0.042370 
0.070000 -0.044910 
0.080000 -0.047080 
0.090000 -0.048990 
0.100000 -0.050710 
0.110000 -0.052300 
0.120000 -0.053790 
0.130000 -0.055200 
0.140000 -0.056560 
0.150000 -0.057860 
0.160000 -0.059100 
0.170000 -0.060290 
0.180000 -0.061420 
0.190000 -0.062490 
0.200000 -0.063490 
0.210000 -0.064420 
0.220000 -0.065270 
0.230000 -0.066050 
0.240000 -0.066750 
0.250000 -0.067380 
0.262500 -0.068070 
0.275000 -0.068650 
0.287500 -0.069130 
0.300000 -0.069520 
0.312500 -0.069830 
0.325000 -0.070070 
0.337500 -0.070240 
0.350000 -0.070360 
0.362500 -0.070410 
0.375000 -0.070420 
0.387500 -0.070370 
0.400000 -0.070260 
0.412500 -0.070090 
0.425000 -0.069850 
0.437500 -0.069540 
0.450000 -0.069140 
0.462500 -0.068660 
0.475000 -0.068070 
0.487500 -0.067370 
0.500000 -0.066550 
0.512500 -0.065610 
0.525000 -0.064550 
0.537500 -0.063340 
0.550000 -0.062010 
0.562500 -0.060540 
0.575000 -0.058950 
0.587500 -0.057230 
0.600000 -0.055390 
0.612500 -0.053440 
0.625000 -0.051390 
0.637500 -0.049250 
0.650000 -0.047040 
0.662500 -0.044770 
0.675000 -0.042440 
0.687500 -0.040080 
0.700000 -0.037690 
0.712500 -0.035280 
0.725000 -0.032870 
0.737500 -0.030470 
0.750000 -0.028090 
0.762500 -0.025720 
0.775000 -0.023390 
0.787500 -0.021100 
0.800000 -0.018860 
0.812500 -0.016680 
0.825000 -0.014570 
0.837500 -0.012550 
0.850000 -0.010630 
0.862500 -0.008830 
0.875000 -0.007190 
0.887500 -0.005730 
0.900000 -0.004480 
0.912500 -0.003480 
0.925000 -0.002780 
0.937500 -0.002390 
0.950000 -0.002370 
0.962500 -0.002710 
0.975000 -0.003430 
1.000000 -0.007100 
