1.000000 0.002900 
0.981250 0.006130 
0.968750 0.009020 
0.956250 0.011750 
0.943750 0.014440 
0.931250 0.017160 
0.918750 0.019920 
0.906250 0.022750 
0.893750 0.025620 
0.881250 0.028530 
0.868750 0.031460 
0.856250 0.034380 
0.843750 0.037280 
0.831250 0.040150 
0.818750 0.042970 
0.806250 0.045740 
0.793750 0.048460 
0.781250 0.051130 
0.768750 0.053750 
0.756250 0.056330 
0.743750 0.058860 
0.731250 0.061350 
0.718750 0.063800 
0.706250 0.066210 
0.693750 0.068590 
0.681250 0.070920 
0.668750 0.073210 
0.656250 0.075440 
0.643750 0.077620 
0.631250 0.079720 
0.618750 0.081750 
0.606250 0.083690 
0.593750 0.085530 
0.581250 0.087260 
0.568750 0.088880 
0.556250 0.090380 
0.543750 0.091760 
0.531250 0.093010 
0.518750 0.094130 
0.506250 0.095130 
0.493750 0.096000 
0.481250 0.096760 
0.468750 0.097420 
0.456250 0.097960 
0.443750 0.098420 
0.431250 0.098790 
0.418750 0.099080 
0.406250 0.099300 
0.393750 0.099460 
0.381250 0.099550 
0.368750 0.099580 
0.356250 0.099550 
0.343750 0.099450 
0.331250 0.099280 
0.318750 0.099030 
0.306250 0.098700 
0.293750 0.098260 
0.281250 0.097710 
0.268750 0.097040 
0.256250 0.096240 
0.245000 0.095400 
0.235000 0.094560 
0.225000 0.093630 
0.215000 0.092600 
0.205000 0.091490 
0.195000 0.090290 
0.185000 0.089010 
0.175000 0.087660 
0.165000 0.086240 
0.155000 0.084760 
0.145000 0.083220 
0.135000 0.081620 
0.125000 0.079950 
0.115000 0.078180 
0.105000 0.076280 
0.095000 0.074210 
0.085000 0.071860 
0.075000 0.069150 
0.065000 0.065900 
0.055000 0.061930 
0.045000 0.056960 
0.035000 0.050660 
0.025000 0.042600 
0.015000 0.032250 
0.005000 0.018960 
0.000000 0.000000 
0.010000 -0.017570 
0.020000 -0.025040 
0.030000 -0.030930 
0.040000 -0.035590 
0.050000 -0.039330 
0.060000 -0.042370 
0.070000 -0.044910 
0.080000 -0.047080 
0.090000 -0.048990 
0.100000 -0.050710 
0.110000 -0.052300 
0.120000 -0.053780 
0.130000 -0.055200 
0.140000 -0.056550 
0.150000 -0.057850 
0.160000 -0.059100 
0.170000 -0.060290 
0.180000 -0.061420 
0.190000 -0.062490 
0.200000 -0.063480 
0.210000 -0.064410 
0.220000 -0.065260 
0.230000 -0.066030 
0.240000 -0.066730 
0.250000 -0.067360 
0.262500 -0.068040 
0.275000 -0.068610 
0.287500 -0.069080 
0.300000 -0.069460 
0.312500 -0.069760 
0.325000 -0.069990 
0.337500 -0.070150 
0.350000 -0.070250 
0.362500 -0.070300 
0.375000 -0.070280 
0.387500 -0.070220 
0.400000 -0.070090 
0.412500 -0.069900 
0.425000 -0.069650 
0.437500 -0.069320 
0.450000 -0.068900 
0.462500 -0.068400 
0.475000 -0.067790 
0.487500 -0.067080 
0.500000 -0.066250 
0.512500 -0.065290 
0.525000 -0.064210 
0.537500 -0.063000 
0.550000 -0.061650 
0.562500 -0.060180 
0.575000 -0.058580 
0.587500 -0.056850 
0.600000 -0.055010 
0.612500 -0.053060 
0.625000 -0.051020 
0.637500 -0.048890 
0.650000 -0.046690 
0.662500 -0.044420 
0.675000 -0.042110 
0.687500 -0.039760 
0.700000 -0.037390 
0.712500 -0.035000 
0.725000 -0.032610 
0.737500 -0.030230 
0.750000 -0.027870 
0.762500 -0.025530 
0.775000 -0.023220 
0.787500 -0.020950 
0.800000 -0.018730 
0.812500 -0.016570 
0.825000 -0.014480 
0.837500 -0.012470 
0.850000 -0.010570 
0.862500 -0.008780 
0.875000 -0.007150 
0.887500 -0.005700 
0.900000 -0.004460 
0.912500 -0.003470 
0.925000 -0.002770 
0.937500 -0.002390 
0.950000 -0.002360 
0.962500 -0.002710 
0.975000 -0.003430 
1.000000 -0.007100 
