1.000000 -0.014500 
0.981250 -0.011770 
0.968750 -0.009640 
0.956250 -0.007780 
0.943750 -0.006010 
0.931250 -0.004210 
0.918750 -0.002330 
0.906250 -0.000360 
0.893750 0.001690 
0.881250 0.003790 
0.868750 0.005920 
0.856250 0.008030 
0.843750 0.010120 
0.831250 0.012150 
0.818750 0.014120 
0.806250 0.016010 
0.793750 0.017840 
0.781250 0.019610 
0.768750 0.021330 
0.756250 0.023010 
0.743750 0.024680 
0.731250 0.026340 
0.718750 0.028010 
0.706250 0.029700 
0.693750 0.031420 
0.681250 0.033180 
0.668750 0.034980 
0.656250 0.036820 
0.643750 0.038690 
0.631250 0.040590 
0.618750 0.042510 
0.606250 0.044440 
0.593750 0.046370 
0.581250 0.048280 
0.568750 0.050170 
0.556250 0.052020 
0.543750 0.053820 
0.531250 0.055570 
0.518750 0.057270 
0.506250 0.058900 
0.493750 0.060470 
0.481250 0.061980 
0.468750 0.063440 
0.456250 0.064840 
0.443750 0.066200 
0.431250 0.067520 
0.418750 0.068800 
0.406250 0.070040 
0.393750 0.071260 
0.381250 0.072430 
0.368750 0.073570 
0.356250 0.074650 
0.343750 0.075670 
0.331250 0.076610 
0.318750 0.077440 
0.306250 0.078150 
0.293750 0.078700 
0.281250 0.079070 
0.268750 0.079220 
0.256250 0.079140 
0.245000 0.078840 
0.235000 0.078380 
0.225000 0.077740 
0.215000 0.076900 
0.205000 0.075870 
0.195000 0.074650 
0.185000 0.073250 
0.175000 0.071690 
0.165000 0.069960 
0.155000 0.068100 
0.145000 0.066130 
0.135000 0.064060 
0.125000 0.061920 
0.115000 0.059720 
0.105000 0.057450 
0.095000 0.055130 
0.085000 0.052700 
0.075000 0.050130 
0.065000 0.047310 
0.055000 0.044110 
0.045000 0.040320 
0.035000 0.035670 
0.025000 0.029810 
0.015000 0.022250 
0.005000 0.012390 
0.000000 0.000000 
0.010000 -0.016890 
0.020000 -0.024490 
0.030000 -0.029920 
0.040000 -0.033780 
0.050000 -0.036540 
0.060000 -0.038560 
0.070000 -0.040110 
0.080000 -0.041390 
0.090000 -0.042540 
0.100000 -0.043650 
0.110000 -0.044770 
0.120000 -0.045930 
0.130000 -0.047150 
0.140000 -0.048420 
0.150000 -0.049710 
0.160000 -0.051020 
0.170000 -0.052320 
0.180000 -0.053590 
0.190000 -0.054810 
0.200000 -0.055950 
0.210000 -0.057010 
0.220000 -0.057970 
0.230000 -0.058830 
0.240000 -0.059570 
0.250000 -0.060210 
0.262500 -0.060860 
0.275000 -0.061350 
0.287500 -0.061710 
0.300000 -0.061940 
0.312500 -0.062080 
0.325000 -0.062130 
0.337500 -0.062110 
0.350000 -0.062050 
0.362500 -0.061960 
0.375000 -0.061840 
0.387500 -0.061700 
0.400000 -0.061550 
0.412500 -0.061390 
0.425000 -0.061210 
0.437500 -0.061010 
0.450000 -0.060790 
0.462500 -0.060540 
0.475000 -0.060250 
0.487500 -0.059920 
0.500000 -0.059530 
0.512500 -0.059100 
0.525000 -0.058610 
0.537500 -0.058060 
0.550000 -0.057460 
0.562500 -0.056820 
0.575000 -0.056130 
0.587500 -0.055410 
0.600000 -0.054670 
0.612500 -0.053910 
0.625000 -0.053140 
0.637500 -0.052380 
0.650000 -0.051620 
0.662500 -0.050890 
0.675000 -0.050170 
0.687500 -0.049470 
0.700000 -0.048780 
0.712500 -0.048110 
0.725000 -0.047430 
0.737500 -0.046740 
0.750000 -0.046020 
0.762500 -0.045260 
0.775000 -0.044440 
0.787500 -0.043550 
0.800000 -0.042560 
0.812500 -0.041490 
0.825000 -0.040310 
0.837500 -0.039040 
0.850000 -0.037680 
0.862500 -0.036250 
0.875000 -0.034780 
0.887500 -0.033290 
0.900000 -0.031820 
0.912500 -0.030400 
0.925000 -0.029030 
0.937500 -0.027720 
0.950000 -0.026420 
0.962500 -0.025040 
0.975000 -0.023410 
1.000000 -0.019300 
