1.000000 -0.014500 
0.981250 -0.011770 
0.968750 -0.009640 
0.956250 -0.007780 
0.943750 -0.006010 
0.931250 -0.004210 
0.918750 -0.002330 
0.906250 -0.000360 
0.893750 0.001690 
0.881250 0.003790 
0.868750 0.005920 
0.856250 0.008030 
0.843750 0.010120 
0.831250 0.012150 
0.818750 0.014120 
0.806250 0.016010 
0.793750 0.017840 
0.781250 0.019610 
0.768750 0.021330 
0.756250 0.023010 
0.743750 0.024680 
0.731250 0.026340 
0.718750 0.028010 
0.706250 0.029700 
0.693750 0.031420 
0.681250 0.033180 
0.668750 0.034980 
0.656250 0.036820 
0.643750 0.038690 
0.631250 0.040590 
0.618750 0.042510 
0.606250 0.044440 
0.593750 0.046370 
0.581250 0.048280 
0.568750 0.050170 
0.556250 0.052020 
0.543750 0.053820 
0.531250 0.055570 
0.518750 0.057270 
0.506250 0.058900 
0.493750 0.060470 
0.481250 0.061980 
0.468750 0.063440 
0.456250 0.064840 
0.443750 0.066200 
0.431250 0.067520 
0.418750 0.068800 
0.406250 0.070040 
0.393750 0.071260 
0.381250 0.072430 
0.368750 0.073570 
0.356250 0.074650 
0.343750 0.075670 
0.331250 0.076610 
0.318750 0.077440 
0.306250 0.078150 
0.293750 0.078700 
0.281250 0.079070 
0.268750 0.079220 
0.256250 0.079140 
0.245000 0.078840 
0.235000 0.078380 
0.225000 0.077740 
0.215000 0.076900 
0.205000 0.075870 
0.195000 0.074650 
0.185000 0.073250 
0.175000 0.071690 
0.165000 0.069960 
0.155000 0.068100 
0.145000 0.066130 
0.135000 0.064060 
0.125000 0.061920 
0.115000 0.059720 
0.105000 0.057450 
0.095000 0.055130 
0.085000 0.052700 
0.075000 0.050130 
0.065000 0.047310 
0.055000 0.044110 
0.045000 0.040320 
0.035000 0.035670 
0.025000 0.029810 
0.015000 0.022250 
0.005000 0.012390 
0.000000 0.000000 
0.010000 -0.016880 
0.020000 -0.024470 
0.030000 -0.029880 
0.040000 -0.033700 
0.050000 -0.036400 
0.060000 -0.038340 
0.070000 -0.039780 
0.080000 -0.040940 
0.090000 -0.041940 
0.100000 -0.042890 
0.110000 -0.043840 
0.120000 -0.044830 
0.130000 -0.045870 
0.140000 -0.046950 
0.150000 -0.048070 
0.160000 -0.049210 
0.170000 -0.050360 
0.180000 -0.051480 
0.190000 -0.052560 
0.200000 -0.053600 
0.210000 -0.054560 
0.220000 -0.055460 
0.230000 -0.056270 
0.240000 -0.057000 
0.250000 -0.057640 
0.262500 -0.058330 
0.275000 -0.058910 
0.287500 -0.059390 
0.300000 -0.059780 
0.312500 -0.060100 
0.325000 -0.060360 
0.337500 -0.060590 
0.350000 -0.060790 
0.362500 -0.060980 
0.375000 -0.061150 
0.387500 -0.061310 
0.400000 -0.061460 
0.412500 -0.061590 
0.425000 -0.061710 
0.437500 -0.061790 
0.450000 -0.061830 
0.462500 -0.061820 
0.475000 -0.061750 
0.487500 -0.061620 
0.500000 -0.061410 
0.512500 -0.061110 
0.525000 -0.060740 
0.537500 -0.060280 
0.550000 -0.059740 
0.562500 -0.059130 
0.575000 -0.058440 
0.587500 -0.057700 
0.600000 -0.056910 
0.612500 -0.056080 
0.625000 -0.055230 
0.637500 -0.054370 
0.650000 -0.053500 
0.662500 -0.052630 
0.675000 -0.051780 
0.687500 -0.050940 
0.700000 -0.050110 
0.712500 -0.049290 
0.725000 -0.048470 
0.737500 -0.047650 
0.750000 -0.046800 
0.762500 -0.045920 
0.775000 -0.044990 
0.787500 -0.043990 
0.800000 -0.042920 
0.812500 -0.041770 
0.825000 -0.040530 
0.837500 -0.039200 
0.850000 -0.037800 
0.862500 -0.036330 
0.875000 -0.034840 
0.887500 -0.033330 
0.900000 -0.031840 
0.912500 -0.030410 
0.925000 -0.029030 
0.937500 -0.027720 
0.950000 -0.026420 
0.962500 -0.025040 
0.975000 -0.023410 
1.000000 -0.019290 
