1.000000 0.002070 
0.981250 0.004820 
0.968750 0.007010 
0.956250 0.008930 
0.943750 0.010760 
0.931250 0.012620 
0.918750 0.014550 
0.906250 0.016560 
0.893750 0.018630 
0.881250 0.020740 
0.868750 0.022850 
0.856250 0.024920 
0.843750 0.026940 
0.831250 0.028880 
0.818750 0.030730 
0.806250 0.032480 
0.793750 0.034140 
0.781250 0.035700 
0.768750 0.037200 
0.756250 0.038630 
0.743750 0.040010 
0.731250 0.041360 
0.718750 0.042700 
0.706250 0.044030 
0.693750 0.045360 
0.681250 0.046710 
0.668750 0.048080 
0.656250 0.049450 
0.643750 0.050840 
0.631250 0.052240 
0.618750 0.053620 
0.606250 0.055000 
0.593750 0.056350 
0.581250 0.057660 
0.568750 0.058930 
0.556250 0.060140 
0.543750 0.061280 
0.531250 0.062360 
0.518750 0.063370 
0.506250 0.064300 
0.493750 0.065160 
0.481250 0.065960 
0.468750 0.066690 
0.456250 0.067380 
0.443750 0.068020 
0.431250 0.068630 
0.418750 0.069220 
0.406250 0.069790 
0.393750 0.070360 
0.381250 0.070920 
0.368750 0.071470 
0.356250 0.072020 
0.343750 0.072560 
0.331250 0.073080 
0.318750 0.073560 
0.306250 0.073980 
0.293750 0.074330 
0.281250 0.074590 
0.268750 0.074730 
0.256250 0.074720 
0.245000 0.074590 
0.235000 0.074350 
0.225000 0.073990 
0.215000 0.073510 
0.205000 0.072900 
0.195000 0.072170 
0.185000 0.071330 
0.175000 0.070380 
0.165000 0.069320 
0.155000 0.068180 
0.145000 0.066950 
0.135000 0.065650 
0.125000 0.064280 
0.115000 0.062840 
0.105000 0.061310 
0.095000 0.059650 
0.085000 0.057810 
0.075000 0.055690 
0.065000 0.053160 
0.055000 0.050040 
0.045000 0.046080 
0.035000 0.040940 
0.025000 0.034200 
0.015000 0.025300 
0.005000 0.013560 
0.000000 0.000000 
0.010000 -0.018360 
0.020000 -0.027320 
0.030000 -0.033990 
0.040000 -0.038980 
0.050000 -0.042740 
0.060000 -0.045630 
0.070000 -0.047940 
0.080000 -0.049860 
0.090000 -0.051540 
0.100000 -0.053070 
0.110000 -0.054530 
0.120000 -0.055930 
0.130000 -0.057310 
0.140000 -0.058670 
0.150000 -0.059990 
0.160000 -0.061270 
0.170000 -0.062490 
0.180000 -0.063640 
0.190000 -0.064700 
0.200000 -0.065660 
0.210000 -0.066510 
0.220000 -0.067250 
0.230000 -0.067870 
0.240000 -0.068370 
0.250000 -0.068770 
0.262500 -0.069110 
0.275000 -0.069310 
0.287500 -0.069380 
0.300000 -0.069340 
0.312500 -0.069210 
0.325000 -0.069020 
0.337500 -0.068780 
0.350000 -0.068520 
0.362500 -0.068230 
0.375000 -0.067940 
0.387500 -0.067640 
0.400000 -0.067340 
0.412500 -0.067040 
0.425000 -0.066720 
0.437500 -0.066390 
0.450000 -0.066030 
0.462500 -0.065630 
0.475000 -0.065180 
0.487500 -0.064680 
0.500000 -0.064120 
0.512500 -0.063490 
0.525000 -0.062780 
0.537500 -0.061990 
0.550000 -0.061130 
0.562500 -0.060200 
0.575000 -0.059190 
0.587500 -0.058130 
0.600000 -0.057010 
0.612500 -0.055850 
0.625000 -0.054660 
0.637500 -0.053440 
0.650000 -0.052200 
0.662500 -0.050950 
0.675000 -0.049700 
0.687500 -0.048440 
0.700000 -0.047170 
0.712500 -0.045880 
0.725000 -0.044580 
0.737500 -0.043240 
0.750000 -0.041860 
0.762500 -0.040420 
0.775000 -0.038910 
0.787500 -0.037310 
0.800000 -0.035610 
0.812500 -0.033810 
0.825000 -0.031900 
0.837500 -0.029890 
0.850000 -0.027790 
0.862500 -0.025620 
0.875000 -0.023420 
0.887500 -0.021200 
0.900000 -0.019020 
0.912500 -0.016900 
0.925000 -0.014870 
0.937500 -0.012940 
0.950000 -0.011080 
0.962500 -0.009210 
0.975000 -0.007200 
1.000000 -0.002390 
