1.000000 -0.014500 
0.981250 -0.011770 
0.968750 -0.009640 
0.956250 -0.007780 
0.943750 -0.006010 
0.931250 -0.004210 
0.918750 -0.002330 
0.906250 -0.000360 
0.893750 0.001690 
0.881250 0.003790 
0.868750 0.005920 
0.856250 0.008030 
0.843750 0.010120 
0.831250 0.012150 
0.818750 0.014120 
0.806250 0.016020 
0.793750 0.017850 
0.781250 0.019620 
0.768750 0.021340 
0.756250 0.023030 
0.743750 0.024700 
0.731250 0.026360 
0.718750 0.028040 
0.706250 0.029740 
0.693750 0.031480 
0.681250 0.033250 
0.668750 0.035070 
0.656250 0.036920 
0.643750 0.038820 
0.631250 0.040750 
0.618750 0.042700 
0.606250 0.044660 
0.593750 0.046630 
0.581250 0.048580 
0.568750 0.050510 
0.556250 0.052410 
0.543750 0.054260 
0.531250 0.056070 
0.518750 0.057820 
0.506250 0.059520 
0.493750 0.061150 
0.481250 0.062730 
0.468750 0.064260 
0.456250 0.065730 
0.443750 0.067160 
0.431250 0.068550 
0.418750 0.069900 
0.406250 0.071210 
0.393750 0.072480 
0.381250 0.073710 
0.368750 0.074900 
0.356250 0.076030 
0.343750 0.077090 
0.331250 0.078060 
0.318750 0.078910 
0.306250 0.079630 
0.293750 0.080180 
0.281250 0.080540 
0.268750 0.080670 
0.256250 0.080550 
0.245000 0.080210 
0.235000 0.079710 
0.225000 0.079010 
0.215000 0.078120 
0.205000 0.077030 
0.195000 0.075740 
0.185000 0.074260 
0.175000 0.072620 
0.165000 0.070810 
0.155000 0.068870 
0.145000 0.066810 
0.135000 0.064660 
0.125000 0.062430 
0.115000 0.060150 
0.105000 0.057810 
0.095000 0.055410 
0.085000 0.052920 
0.075000 0.050290 
0.065000 0.047420 
0.055000 0.044180 
0.045000 0.040360 
0.035000 0.035700 
0.025000 0.029820 
0.015000 0.022250 
0.005000 0.012390 
0.000000 0.000000 
0.010000 -0.016880 
0.020000 -0.024470 
0.030000 -0.029880 
0.040000 -0.033700 
0.050000 -0.036400 
0.060000 -0.038330 
0.070000 -0.039780 
0.080000 -0.040930 
0.090000 -0.041930 
0.100000 -0.042870 
0.110000 -0.043810 
0.120000 -0.044790 
0.130000 -0.045800 
0.140000 -0.046860 
0.150000 -0.047950 
0.160000 -0.049060 
0.170000 -0.050160 
0.180000 -0.051230 
0.190000 -0.052260 
0.200000 -0.053230 
0.210000 -0.054120 
0.220000 -0.054930 
0.230000 -0.055650 
0.240000 -0.056280 
0.250000 -0.056820 
0.262500 -0.057370 
0.275000 -0.057800 
0.287500 -0.058110 
0.300000 -0.058330 
0.312500 -0.058480 
0.325000 -0.058560 
0.337500 -0.058610 
0.350000 -0.058640 
0.362500 -0.058640 
0.375000 -0.058640 
0.387500 -0.058640 
0.400000 -0.058640 
0.412500 -0.058630 
0.425000 -0.058620 
0.437500 -0.058590 
0.450000 -0.058540 
0.462500 -0.058460 
0.475000 -0.058340 
0.487500 -0.058170 
0.500000 -0.057950 
0.512500 -0.057660 
0.525000 -0.057320 
0.537500 -0.056920 
0.550000 -0.056450 
0.562500 -0.055930 
0.575000 -0.055360 
0.587500 -0.054740 
0.600000 -0.054090 
0.612500 -0.053420 
0.625000 -0.052730 
0.637500 -0.052030 
0.650000 -0.051340 
0.662500 -0.050650 
0.675000 -0.049980 
0.687500 -0.049320 
0.700000 -0.048660 
0.712500 -0.048010 
0.725000 -0.047360 
0.737500 -0.046690 
0.750000 -0.045980 
0.762500 -0.045230 
0.775000 -0.044420 
0.787500 -0.043530 
0.800000 -0.042550 
0.812500 -0.041480 
0.825000 -0.040300 
0.837500 -0.039030 
0.850000 -0.037680 
0.862500 -0.036250 
0.875000 -0.034780 
0.887500 -0.033290 
0.900000 -0.031820 
0.912500 -0.030400 
0.925000 -0.029030 
0.937500 -0.027720 
0.950000 -0.026420 
0.962500 -0.025040 
0.975000 -0.023410 
1.000000 -0.019290 
