1.000000 -0.014500 
0.981250 -0.011770 
0.968750 -0.009640 
0.956250 -0.007780 
0.943750 -0.006000 
0.931250 -0.004200 
0.918750 -0.002310 
0.906250 -0.000330 
0.893750 0.001740 
0.881250 0.003860 
0.868750 0.006010 
0.856250 0.008160 
0.843750 0.010290 
0.831250 0.012360 
0.818750 0.014370 
0.806250 0.016310 
0.793750 0.018190 
0.781250 0.020010 
0.768750 0.021790 
0.756250 0.023520 
0.743750 0.025240 
0.731250 0.026950 
0.718750 0.028670 
0.706250 0.030410 
0.693750 0.032180 
0.681250 0.033980 
0.668750 0.035810 
0.656250 0.037680 
0.643750 0.039580 
0.631250 0.041500 
0.618750 0.043430 
0.606250 0.045370 
0.593750 0.047290 
0.581250 0.049200 
0.568750 0.051070 
0.556250 0.052910 
0.543750 0.054690 
0.531250 0.056410 
0.518750 0.058070 
0.506250 0.059670 
0.493750 0.061210 
0.481250 0.062680 
0.468750 0.064090 
0.456250 0.065450 
0.443750 0.066770 
0.431250 0.068040 
0.418750 0.069280 
0.406250 0.070480 
0.393750 0.071650 
0.381250 0.072780 
0.368750 0.073870 
0.356250 0.074920 
0.343750 0.075910 
0.331250 0.076810 
0.318750 0.077620 
0.306250 0.078300 
0.293750 0.078820 
0.281250 0.079170 
0.268750 0.079310 
0.256250 0.079210 
0.245000 0.078900 
0.235000 0.078430 
0.225000 0.077770 
0.215000 0.076930 
0.205000 0.075900 
0.195000 0.074670 
0.185000 0.073270 
0.175000 0.071700 
0.165000 0.069970 
0.155000 0.068110 
0.145000 0.066140 
0.135000 0.064070 
0.125000 0.061920 
0.115000 0.059720 
0.105000 0.057460 
0.095000 0.055130 
0.085000 0.052700 
0.075000 0.050130 
0.065000 0.047310 
0.055000 0.044110 
0.045000 0.040320 
0.035000 0.035670 
0.025000 0.029810 
0.015000 0.022250 
0.005000 0.012390 
0.000000 0.000000 
0.010000 -0.016880 
0.020000 -0.024470 
0.030000 -0.029880 
0.040000 -0.033700 
0.050000 -0.036400 
0.060000 -0.038330 
0.070000 -0.039780 
0.080000 -0.040930 
0.090000 -0.041930 
0.100000 -0.042870 
0.110000 -0.043810 
0.120000 -0.044790 
0.130000 -0.045800 
0.140000 -0.046860 
0.150000 -0.047950 
0.160000 -0.049060 
0.170000 -0.050160 
0.180000 -0.051230 
0.190000 -0.052260 
0.200000 -0.053230 
0.210000 -0.054120 
0.220000 -0.054930 
0.230000 -0.055650 
0.240000 -0.056280 
0.250000 -0.056820 
0.262500 -0.057370 
0.275000 -0.057800 
0.287500 -0.058110 
0.300000 -0.058330 
0.312500 -0.058480 
0.325000 -0.058560 
0.337500 -0.058610 
0.350000 -0.058640 
0.362500 -0.058640 
0.375000 -0.058640 
0.387500 -0.058640 
0.400000 -0.058640 
0.412500 -0.058630 
0.425000 -0.058620 
0.437500 -0.058590 
0.450000 -0.058540 
0.462500 -0.058460 
0.475000 -0.058340 
0.487500 -0.058170 
0.500000 -0.057950 
0.512500 -0.057660 
0.525000 -0.057320 
0.537500 -0.056920 
0.550000 -0.056450 
0.562500 -0.055930 
0.575000 -0.055360 
0.587500 -0.054740 
0.600000 -0.054090 
0.612500 -0.053420 
0.625000 -0.052730 
0.637500 -0.052030 
0.650000 -0.051340 
0.662500 -0.050650 
0.675000 -0.049980 
0.687500 -0.049320 
0.700000 -0.048660 
0.712500 -0.048010 
0.725000 -0.047360 
0.737500 -0.046690 
0.750000 -0.045980 
0.762500 -0.045230 
0.775000 -0.044420 
0.787500 -0.043530 
0.800000 -0.042550 
0.812500 -0.041480 
0.825000 -0.040300 
0.837500 -0.039030 
0.850000 -0.037680 
0.862500 -0.036250 
0.875000 -0.034780 
0.887500 -0.033290 
0.900000 -0.031820 
0.912500 -0.030400 
0.925000 -0.029030 
0.937500 -0.027720 
0.950000 -0.026420 
0.962500 -0.025040 
0.975000 -0.023410 
1.000000 -0.019290 
