1.000000 0.006990 
0.981250 0.009630 
0.968750 0.011600 
0.956250 0.013240 
0.943750 0.014740 
0.931250 0.016250 
0.918750 0.017810 
0.906250 0.019440 
0.893750 0.021140 
0.881250 0.022890 
0.868750 0.024660 
0.856250 0.026420 
0.843750 0.028150 
0.831250 0.029820 
0.818750 0.031430 
0.806250 0.032970 
0.793750 0.034440 
0.781250 0.035850 
0.768750 0.037200 
0.756250 0.038520 
0.743750 0.039800 
0.731250 0.041080 
0.718750 0.042360 
0.706250 0.043650 
0.693750 0.044960 
0.681250 0.046290 
0.668750 0.047650 
0.656250 0.049020 
0.643750 0.050420 
0.631250 0.051830 
0.618750 0.053230 
0.606250 0.054630 
0.593750 0.056000 
0.581250 0.057340 
0.568750 0.058630 
0.556250 0.059870 
0.543750 0.061040 
0.531250 0.062140 
0.518750 0.063170 
0.506250 0.064130 
0.493750 0.065010 
0.481250 0.065830 
0.468750 0.066580 
0.456250 0.067280 
0.443750 0.067940 
0.431250 0.068560 
0.418750 0.069160 
0.406250 0.069740 
0.393750 0.070320 
0.381250 0.070880 
0.368750 0.071450 
0.356250 0.072000 
0.343750 0.072540 
0.331250 0.073060 
0.318750 0.073550 
0.306250 0.073970 
0.293750 0.074330 
0.281250 0.074580 
0.268750 0.074720 
0.256250 0.074720 
0.245000 0.074580 
0.235000 0.074340 
0.225000 0.073990 
0.215000 0.073500 
0.205000 0.072900 
0.195000 0.072170 
0.185000 0.071330 
0.175000 0.070380 
0.165000 0.069320 
0.155000 0.068180 
0.145000 0.066950 
0.135000 0.065650 
0.125000 0.064280 
0.115000 0.062840 
0.105000 0.061310 
0.095000 0.059650 
0.085000 0.057810 
0.075000 0.055690 
0.065000 0.053160 
0.055000 0.050040 
0.045000 0.046080 
0.035000 0.040940 
0.025000 0.034200 
0.015000 0.025300 
0.005000 0.013560 
0.000000 0.000000 
0.010000 -0.018360 
0.020000 -0.027320 
0.030000 -0.033990 
0.040000 -0.038980 
0.050000 -0.042740 
0.060000 -0.045630 
0.070000 -0.047940 
0.080000 -0.049860 
0.090000 -0.051540 
0.100000 -0.053070 
0.110000 -0.054530 
0.120000 -0.055930 
0.130000 -0.057310 
0.140000 -0.058670 
0.150000 -0.059990 
0.160000 -0.061270 
0.170000 -0.062490 
0.180000 -0.063640 
0.190000 -0.064700 
0.200000 -0.065660 
0.210000 -0.066510 
0.220000 -0.067250 
0.230000 -0.067870 
0.240000 -0.068370 
0.250000 -0.068770 
0.262500 -0.069110 
0.275000 -0.069310 
0.287500 -0.069380 
0.300000 -0.069340 
0.312500 -0.069210 
0.325000 -0.069020 
0.337500 -0.068780 
0.350000 -0.068520 
0.362500 -0.068230 
0.375000 -0.067940 
0.387500 -0.067640 
0.400000 -0.067340 
0.412500 -0.067030 
0.425000 -0.066710 
0.437500 -0.066370 
0.450000 -0.066000 
0.462500 -0.065600 
0.475000 -0.065150 
0.487500 -0.064640 
0.500000 -0.064070 
0.512500 -0.063420 
0.525000 -0.062700 
0.537500 -0.061900 
0.550000 -0.061020 
0.562500 -0.060060 
0.575000 -0.059030 
0.587500 -0.057940 
0.600000 -0.056780 
0.612500 -0.055580 
0.625000 -0.054340 
0.637500 -0.053070 
0.650000 -0.051780 
0.662500 -0.050460 
0.675000 -0.049130 
0.687500 -0.047790 
0.700000 -0.046430 
0.712500 -0.045050 
0.725000 -0.043630 
0.737500 -0.042170 
0.750000 -0.040660 
0.762500 -0.039070 
0.775000 -0.037400 
0.787500 -0.035630 
0.800000 -0.033760 
0.812500 -0.031760 
0.825000 -0.029650 
0.837500 -0.027430 
0.850000 -0.025100 
0.862500 -0.022710 
0.875000 -0.020260 
0.887500 -0.017810 
0.900000 -0.015390 
0.912500 -0.013030 
0.925000 -0.010770 
0.937500 -0.008620 
0.950000 -0.006570 
0.962500 -0.004530 
0.975000 -0.002380 
1.000000 0.002430 
