1.000000 0.002060 
0.981250 0.004760 
0.968750 0.006840 
0.956250 0.008630 
0.943750 0.010330 
0.931250 0.012040 
0.918750 0.013820 
0.906250 0.015690 
0.893750 0.017630 
0.881250 0.019620 
0.868750 0.021630 
0.856250 0.023620 
0.843750 0.025570 
0.831250 0.027470 
0.818750 0.029280 
0.806250 0.031020 
0.793750 0.032680 
0.781250 0.034260 
0.768750 0.035770 
0.756250 0.037240 
0.743750 0.038670 
0.731250 0.040070 
0.718750 0.041470 
0.706250 0.042860 
0.693750 0.044270 
0.681250 0.045690 
0.668750 0.047120 
0.656250 0.048570 
0.643750 0.050030 
0.631250 0.051490 
0.618750 0.052940 
0.606250 0.054380 
0.593750 0.055790 
0.581250 0.057160 
0.568750 0.058480 
0.556250 0.059740 
0.543750 0.060940 
0.531250 0.062060 
0.518750 0.063100 
0.506250 0.064070 
0.493750 0.064960 
0.481250 0.065790 
0.468750 0.066550 
0.456250 0.067260 
0.443750 0.067920 
0.431250 0.068550 
0.418750 0.069150 
0.406250 0.069740 
0.393750 0.070310 
0.381250 0.070880 
0.368750 0.071440 
0.356250 0.072000 
0.343750 0.072540 
0.331250 0.073060 
0.318750 0.073540 
0.306250 0.073970 
0.293750 0.074330 
0.281250 0.074580 
0.268750 0.074720 
0.256250 0.074720 
0.245000 0.074580 
0.235000 0.074340 
0.225000 0.073990 
0.215000 0.073500 
0.205000 0.072900 
0.195000 0.072170 
0.185000 0.071330 
0.175000 0.070380 
0.165000 0.069320 
0.155000 0.068180 
0.145000 0.066950 
0.135000 0.065650 
0.125000 0.064280 
0.115000 0.062840 
0.105000 0.061310 
0.095000 0.059650 
0.085000 0.057810 
0.075000 0.055690 
0.065000 0.053160 
0.055000 0.050040 
0.045000 0.046080 
0.035000 0.040940 
0.025000 0.034200 
0.015000 0.025300 
0.005000 0.013560 
0.000000 0.000000 
0.010000 -0.018360 
0.020000 -0.027320 
0.030000 -0.033990 
0.040000 -0.038980 
0.050000 -0.042740 
0.060000 -0.045630 
0.070000 -0.047940 
0.080000 -0.049860 
0.090000 -0.051540 
0.100000 -0.053070 
0.110000 -0.054530 
0.120000 -0.055930 
0.130000 -0.057310 
0.140000 -0.058670 
0.150000 -0.059990 
0.160000 -0.061270 
0.170000 -0.062490 
0.180000 -0.063640 
0.190000 -0.064700 
0.200000 -0.065660 
0.210000 -0.066510 
0.220000 -0.067250 
0.230000 -0.067870 
0.240000 -0.068380 
0.250000 -0.068770 
0.262500 -0.069120 
0.275000 -0.069320 
0.287500 -0.069390 
0.300000 -0.069360 
0.312500 -0.069240 
0.325000 -0.069060 
0.337500 -0.068840 
0.350000 -0.068580 
0.362500 -0.068320 
0.375000 -0.068050 
0.387500 -0.067780 
0.400000 -0.067510 
0.412500 -0.067240 
0.425000 -0.066960 
0.437500 -0.066680 
0.450000 -0.066380 
0.462500 -0.066050 
0.475000 -0.065680 
0.487500 -0.065260 
0.500000 -0.064790 
0.512500 -0.064270 
0.525000 -0.063680 
0.537500 -0.063020 
0.550000 -0.062300 
0.562500 -0.061520 
0.575000 -0.060680 
0.587500 -0.059800 
0.600000 -0.058870 
0.612500 -0.057900 
0.625000 -0.056920 
0.637500 -0.055910 
0.650000 -0.054890 
0.662500 -0.053870 
0.675000 -0.052840 
0.687500 -0.051800 
0.700000 -0.050750 
0.712500 -0.049670 
0.725000 -0.048560 
0.737500 -0.047400 
0.750000 -0.046180 
0.762500 -0.044870 
0.775000 -0.043450 
0.787500 -0.041920 
0.800000 -0.040240 
0.812500 -0.038410 
0.825000 -0.036430 
0.837500 -0.034300 
0.850000 -0.032020 
0.862500 -0.029620 
0.875000 -0.027120 
0.887500 -0.024560 
0.900000 -0.021990 
0.912500 -0.019440 
0.925000 -0.016950 
0.937500 -0.014550 
0.950000 -0.012220 
0.962500 -0.009930 
0.975000 -0.007550 
1.000000 -0.002740 
