1.000000 0.002060 
0.981250 0.004760 
0.968750 0.006840 
0.956250 0.008630 
0.943750 0.010330 
0.931250 0.012040 
0.918750 0.013820 
0.906250 0.015690 
0.893750 0.017640 
0.881250 0.019640 
0.868750 0.021650 
0.856250 0.023660 
0.843750 0.025620 
0.831250 0.027530 
0.818750 0.029370 
0.806250 0.031130 
0.793750 0.032820 
0.781250 0.034430 
0.768750 0.035990 
0.756250 0.037500 
0.743750 0.038970 
0.731250 0.040430 
0.718750 0.041880 
0.706250 0.043330 
0.693750 0.044790 
0.681250 0.046270 
0.668750 0.047770 
0.656250 0.049280 
0.643750 0.050800 
0.631250 0.052320 
0.618750 0.053830 
0.606250 0.055330 
0.593750 0.056790 
0.581250 0.058200 
0.568750 0.059560 
0.556250 0.060860 
0.543750 0.062080 
0.531250 0.063220 
0.518750 0.064280 
0.506250 0.065260 
0.493750 0.066150 
0.481250 0.066970 
0.468750 0.067720 
0.456250 0.068400 
0.443750 0.069040 
0.431250 0.069630 
0.418750 0.070190 
0.406250 0.070730 
0.393750 0.071250 
0.381250 0.071770 
0.368750 0.072280 
0.356250 0.072770 
0.343750 0.073250 
0.331250 0.073710 
0.318750 0.074130 
0.306250 0.074500 
0.293750 0.074790 
0.281250 0.074990 
0.268750 0.075080 
0.256250 0.075030 
0.245000 0.074850 
0.235000 0.074570 
0.225000 0.074180 
0.215000 0.073670 
0.205000 0.073040 
0.195000 0.072290 
0.185000 0.071430 
0.175000 0.070450 
0.165000 0.069380 
0.155000 0.068220 
0.145000 0.066980 
0.135000 0.065680 
0.125000 0.064300 
0.115000 0.062850 
0.105000 0.061320 
0.095000 0.059660 
0.085000 0.057810 
0.075000 0.055690 
0.065000 0.053160 
0.055000 0.050040 
0.045000 0.046080 
0.035000 0.040940 
0.025000 0.034200 
0.015000 0.025300 
0.005000 0.013560 
0.000000 0.000000 
0.010000 -0.018360 
0.020000 -0.027320 
0.030000 -0.033990 
0.040000 -0.038980 
0.050000 -0.042740 
0.060000 -0.045630 
0.070000 -0.047940 
0.080000 -0.049860 
0.090000 -0.051540 
0.100000 -0.053070 
0.110000 -0.054530 
0.120000 -0.055930 
0.130000 -0.057310 
0.140000 -0.058670 
0.150000 -0.059990 
0.160000 -0.061270 
0.170000 -0.062490 
0.180000 -0.063640 
0.190000 -0.064700 
0.200000 -0.065660 
0.210000 -0.066510 
0.220000 -0.067250 
0.230000 -0.067870 
0.240000 -0.068370 
0.250000 -0.068770 
0.262500 -0.069110 
0.275000 -0.069310 
0.287500 -0.069380 
0.300000 -0.069340 
0.312500 -0.069210 
0.325000 -0.069020 
0.337500 -0.068780 
0.350000 -0.068520 
0.362500 -0.068230 
0.375000 -0.067940 
0.387500 -0.067640 
0.400000 -0.067340 
0.412500 -0.067040 
0.425000 -0.066720 
0.437500 -0.066390 
0.450000 -0.066030 
0.462500 -0.065630 
0.475000 -0.065180 
0.487500 -0.064680 
0.500000 -0.064120 
0.512500 -0.063490 
0.525000 -0.062780 
0.537500 -0.061990 
0.550000 -0.061130 
0.562500 -0.060200 
0.575000 -0.059190 
0.587500 -0.058130 
0.600000 -0.057010 
0.612500 -0.055850 
0.625000 -0.054660 
0.637500 -0.053440 
0.650000 -0.052200 
0.662500 -0.050950 
0.675000 -0.049700 
0.687500 -0.048440 
0.700000 -0.047170 
0.712500 -0.045880 
0.725000 -0.044580 
0.737500 -0.043240 
0.750000 -0.041860 
0.762500 -0.040420 
0.775000 -0.038910 
0.787500 -0.037310 
0.800000 -0.035610 
0.812500 -0.033810 
0.825000 -0.031900 
0.837500 -0.029890 
0.850000 -0.027790 
0.862500 -0.025620 
0.875000 -0.023420 
0.887500 -0.021200 
0.900000 -0.019020 
0.912500 -0.016900 
0.925000 -0.014870 
0.937500 -0.012940 
0.950000 -0.011080 
0.962500 -0.009210 
0.975000 -0.007200 
1.000000 -0.002390 
