0.987500 0.003500 
0.975000 0.006200 
0.962500 0.009400 
0.950000 0.012700 
0.937500 0.015800 
0.925000 0.018600 
0.912500 0.021300 
0.900000 0.023800 
0.887500 0.026200 
0.875000 0.028300 
0.862500 0.030200 
0.850000 0.031900 
0.837500 0.033400 
0.825000 0.034700 
0.812500 0.036000 
0.800000 0.037100 
0.787500 0.038200 
0.775000 0.039300 
0.762500 0.040400 
0.750000 0.041400 
0.737500 0.042300 
0.725000 0.043200 
0.712500 0.044000 
0.700000 0.044900 
0.687500 0.045700 
0.675000 0.046500 
0.662500 0.047300 
0.650000 0.048100 
0.637500 0.049000 
0.625000 0.049800 
0.612500 0.050700 
0.600000 0.051500 
0.587500 0.052300 
0.575000 0.053000 
0.562500 0.053700 
0.550000 0.054400 
0.537500 0.055100 
0.525000 0.055800 
0.512500 0.056400 
0.500000 0.057100 
0.487500 0.057800 
0.475000 0.058400 
0.462500 0.059100 
0.450000 0.059600 
0.437500 0.060100 
0.425000 0.060600 
0.412500 0.060900 
0.400000 0.061200 
0.387500 0.061500 
0.375000 0.061700 
0.362500 0.061900 
0.350000 0.062100 
0.337500 0.062200 
0.325000 0.062300 
0.312500 0.062300 
0.300000 0.062300 
0.287500 0.062100 
0.275000 0.061700 
0.262500 0.061300 
0.250000 0.060700 
0.237500 0.060100 
0.225000 0.059500 
0.212500 0.058800 
0.200000 0.058000 
0.187500 0.057200 
0.175000 0.056200 
0.162500 0.055000 
0.150000 0.053500 
0.137500 0.051800 
0.125000 0.050000 
0.112500 0.048100 
0.100000 0.046100 
0.087500 0.044000 
0.075000 0.041600 
0.062500 0.038600 
0.050000 0.034800 
0.037500 0.030400 
0.025000 0.025600 
0.012500 0.019200 
0.000000 0.002700 
0.000000 0.000000 
0.012500 -0.019100 
0.025000 -0.025300 
0.037500 -0.029900 
0.050000 -0.034100 
0.062500 -0.037700 
0.075000 -0.040400 
0.087500 -0.042500 
0.100000 -0.044200 
0.112500 -0.045900 
0.125000 -0.047400 
0.137500 -0.048900 
0.150000 -0.050200 
0.162500 -0.051200 
0.175000 -0.052100 
0.187500 -0.052700 
0.200000 -0.053100 
0.212500 -0.053500 
0.225000 -0.053900 
0.237500 -0.054200 
0.250000 -0.054400 
0.262500 -0.054700 
0.275000 -0.054800 
0.287500 -0.054800 
0.300000 -0.054700 
0.312500 -0.054600 
0.325000 -0.054300 
0.337500 -0.053900 
0.350000 -0.053500 
0.362500 -0.053100 
0.375000 -0.052700 
0.387500 -0.052300 
0.400000 -0.051800 
0.412500 -0.051300 
0.425000 -0.050700 
0.437500 -0.050000 
0.450000 -0.049300 
0.462500 -0.048500 
0.475000 -0.047600 
0.487500 -0.046700 
0.500000 -0.045800 
0.512500 -0.044800 
0.525000 -0.043800 
0.537500 -0.042800 
0.550000 -0.041800 
0.562500 -0.040700 
0.575000 -0.039600 
0.587500 -0.038400 
0.600000 -0.037100 
0.612500 -0.035800 
0.625000 -0.034400 
0.637500 -0.032900 
0.650000 -0.031500 
0.662500 -0.029900 
0.675000 -0.028400 
0.687500 -0.026900 
0.700000 -0.025300 
0.712500 -0.023700 
0.725000 -0.022000 
0.737500 -0.020300 
0.750000 -0.018500 
0.762500 -0.016600 
0.775000 -0.014700 
0.787500 -0.012800 
0.800000 -0.011000 
0.812500 -0.009200 
0.825000 -0.007400 
0.837500 -0.005800 
0.850000 -0.004300 
0.862500 -0.002900 
0.875000 -0.001600 
0.887500 -0.000500 
0.900000 0.000200 
0.912500 0.000600 
0.925000 0.000500 
0.937500 0.000100 
0.950000 -0.000600 
0.962500 -0.001300 
0.975000 -0.001800 
0.987500 -0.002200 
