0.987500 0.003500 
0.975000 0.006200 
0.962500 0.009500 
0.950000 0.012800 
0.937500 0.015900 
0.925000 0.018800 
0.912500 0.021500 
0.900000 0.024000 
0.887500 0.026400 
0.875000 0.028500 
0.862500 0.030500 
0.850000 0.032200 
0.837500 0.033600 
0.825000 0.035000 
0.812500 0.036200 
0.800000 0.037300 
0.787500 0.038500 
0.775000 0.039500 
0.762500 0.040600 
0.750000 0.041600 
0.737500 0.042500 
0.725000 0.043400 
0.712500 0.044200 
0.700000 0.045000 
0.687500 0.045800 
0.675000 0.046600 
0.662500 0.047400 
0.650000 0.048300 
0.637500 0.049100 
0.625000 0.050000 
0.612500 0.050800 
0.600000 0.051600 
0.587500 0.052400 
0.575000 0.053200 
0.562500 0.053900 
0.550000 0.054500 
0.537500 0.055200 
0.525000 0.055900 
0.512500 0.056500 
0.500000 0.057200 
0.487500 0.057900 
0.475000 0.058500 
0.462500 0.059200 
0.450000 0.059700 
0.437500 0.060200 
0.425000 0.060600 
0.412500 0.061000 
0.400000 0.061300 
0.387500 0.061500 
0.375000 0.061800 
0.362500 0.062000 
0.350000 0.062100 
0.337500 0.062300 
0.325000 0.062400 
0.312500 0.062400 
0.300000 0.062300 
0.287500 0.062100 
0.275000 0.061800 
0.262500 0.061300 
0.250000 0.060800 
0.237500 0.060200 
0.225000 0.059500 
0.212500 0.058800 
0.200000 0.058000 
0.187500 0.057200 
0.175000 0.056200 
0.162500 0.055000 
0.150000 0.053500 
0.137500 0.051800 
0.125000 0.050000 
0.112500 0.048100 
0.100000 0.046100 
0.087500 0.044000 
0.075000 0.041600 
0.062500 0.038600 
0.050000 0.034800 
0.037500 0.030400 
0.025000 0.025600 
0.012500 0.019200 
0.000000 0.002700 
0.000000 0.000000 
0.012500 -0.019100 
0.025000 -0.025300 
0.037500 -0.029900 
0.050000 -0.034100 
0.062500 -0.037600 
0.075000 -0.040300 
0.087500 -0.042400 
0.100000 -0.044200 
0.112500 -0.045800 
0.125000 -0.047400 
0.137500 -0.048800 
0.150000 -0.050100 
0.162500 -0.051200 
0.175000 -0.052000 
0.187500 -0.052600 
0.200000 -0.053100 
0.212500 -0.053400 
0.225000 -0.053800 
0.237500 -0.054100 
0.250000 -0.054400 
0.262500 -0.054600 
0.275000 -0.054700 
0.287500 -0.054700 
0.300000 -0.054600 
0.312500 -0.054500 
0.325000 -0.054200 
0.337500 -0.053800 
0.350000 -0.053400 
0.362500 -0.053000 
0.375000 -0.052600 
0.387500 -0.052100 
0.400000 -0.051700 
0.412500 -0.051100 
0.425000 -0.050600 
0.437500 -0.049900 
0.450000 -0.049200 
0.462500 -0.048400 
0.475000 -0.047500 
0.487500 -0.046600 
0.500000 -0.045600 
0.512500 -0.044700 
0.525000 -0.043700 
0.537500 -0.042700 
0.550000 -0.041600 
0.562500 -0.040500 
0.575000 -0.039400 
0.587500 -0.038200 
0.600000 -0.037000 
0.612500 -0.035600 
0.625000 -0.034200 
0.637500 -0.032800 
0.650000 -0.031300 
0.662500 -0.029800 
0.675000 -0.028200 
0.687500 -0.026700 
0.700000 -0.025100 
0.712500 -0.023500 
0.725000 -0.021800 
0.737500 -0.020100 
0.750000 -0.018300 
0.762500 -0.016400 
0.775000 -0.014500 
0.787500 -0.012700 
0.800000 -0.010800 
0.812500 -0.009000 
0.825000 -0.007300 
0.837500 -0.005700 
0.850000 -0.004200 
0.862500 -0.002800 
0.875000 -0.001600 
0.887500 -0.000500 
0.900000 0.000200 
0.912500 0.000500 
0.925000 0.000500 
0.937500 0.000000 
0.950000 -0.000600 
0.962500 -0.001300 
0.975000 -0.001900 
0.987500 -0.002200 
