0.987500 0.003800 
0.975000 0.007200 
0.962500 0.011300 
0.950100 0.015500 
0.937600 0.019400 
0.925100 0.022800 
0.912600 0.025800 
0.900100 0.028500 
0.887600 0.030900 
0.875100 0.032900 
0.862600 0.034600 
0.850200 0.036000 
0.837700 0.037200 
0.825200 0.038200 
0.812700 0.039100 
0.800200 0.039900 
0.787700 0.040700 
0.775200 0.041400 
0.762700 0.042000 
0.750300 0.042500 
0.737800 0.043000 
0.725300 0.043300 
0.712800 0.043600 
0.700300 0.043900 
0.687800 0.044100 
0.675300 0.044300 
0.662800 0.044600 
0.650400 0.044900 
0.637900 0.045200 
0.625400 0.045600 
0.612900 0.046100 
0.600400 0.046500 
0.587900 0.046900 
0.575400 0.047400 
0.562900 0.047700 
0.550500 0.048100 
0.538000 0.048400 
0.525500 0.048700 
0.513000 0.048900 
0.500500 0.049100 
0.488000 0.049200 
0.475500 0.049200 
0.463000 0.049100 
0.450600 0.048900 
0.438100 0.048600 
0.425600 0.048200 
0.413100 0.047800 
0.400600 0.047300 
0.388100 0.046900 
0.375600 0.046500 
0.363100 0.046200 
0.350700 0.046100 
0.338200 0.046200 
0.325700 0.046500 
0.313200 0.047000 
0.300700 0.047600 
0.288200 0.048500 
0.275700 0.049500 
0.263200 0.050600 
0.250800 0.052000 
0.238300 0.053500 
0.225800 0.055100 
0.213300 0.056800 
0.200800 0.058600 
0.188300 0.060300 
0.175800 0.061800 
0.163300 0.062900 
0.150800 0.063400 
0.138400 0.063500 
0.125900 0.062900 
0.113400 0.061600 
0.100900 0.059800 
0.088400 0.057200 
0.075900 0.053700 
0.063400 0.049100 
0.051000 0.043200 
0.038500 0.036400 
0.026000 0.029200 
0.013500 0.021000 
0.001000 0.004900 
0.000000 0.000000 
0.013500 -0.019800 
0.026000 -0.025400 
0.038500 -0.029200 
0.051000 -0.032300 
0.063400 -0.034600 
0.075900 -0.036200 
0.088400 -0.037400 
0.100900 -0.038400 
0.113400 -0.039600 
0.125900 -0.041000 
0.138400 -0.042600 
0.150800 -0.044200 
0.163300 -0.045800 
0.175800 -0.047200 
0.188300 -0.048500 
0.200800 -0.049700 
0.213300 -0.050800 
0.225800 -0.051700 
0.238300 -0.052500 
0.250800 -0.053100 
0.263200 -0.053500 
0.275700 -0.053600 
0.288200 -0.053400 
0.300700 -0.053000 
0.313200 -0.052300 
0.325700 -0.051400 
0.338200 -0.050300 
0.350700 -0.049100 
0.363100 -0.047800 
0.375600 -0.046400 
0.388100 -0.045000 
0.400600 -0.043600 
0.413100 -0.042200 
0.425600 -0.040700 
0.438100 -0.039300 
0.450600 -0.037800 
0.463000 -0.036300 
0.475500 -0.034800 
0.488000 -0.033400 
0.500500 -0.032000 
0.513000 -0.030700 
0.525500 -0.029500 
0.538000 -0.028300 
0.550500 -0.027200 
0.562900 -0.026200 
0.575400 -0.025200 
0.587900 -0.024300 
0.600400 -0.023400 
0.612900 -0.022500 
0.625400 -0.021700 
0.637900 -0.021000 
0.650400 -0.020400 
0.662800 -0.019800 
0.675300 -0.019400 
0.687800 -0.019000 
0.700300 -0.018700 
0.712800 -0.018400 
0.725300 -0.018100 
0.737800 -0.017700 
0.750300 -0.017200 
0.762700 -0.016600 
0.775200 -0.015800 
0.787700 -0.014900 
0.800200 -0.013800 
0.812700 -0.012600 
0.825200 -0.011300 
0.837700 -0.009800 
0.850200 -0.008200 
0.862600 -0.006500 
0.875100 -0.004800 
0.887600 -0.003300 
0.900100 -0.002000 
0.912600 -0.001100 
0.925100 -0.000700 
0.937600 -0.000700 
0.950100 -0.001100 
0.962500 -0.001600 
0.975000 -0.002000 
0.987500 -0.002300 
