   0.9875000      0.4000000E-02
   0.9822411      0.5461191E-02
   0.9753134      0.7597582E-02
   0.9672808      0.1036011E-01
   0.9580881      0.1372886E-01
   0.9478710      0.1735730E-01
   0.9366546      0.2088287E-01
   0.9247317      0.2419319E-01
   0.9121355      0.2710187E-01
   0.8991491      0.2977724E-01
   0.8858501      0.3196852E-01
   0.8723078      0.3385136E-01
   0.8586097      0.3525497E-01
   0.8445481      0.3628599E-01
   0.8302665      0.3707344E-01
   0.8158112      0.3768829E-01
   0.8014292      0.3815644E-01
   0.7870671      0.3872260E-01
   0.7725675      0.3919558E-01
   0.7577592      0.3980222E-01
   0.7426745      0.4040468E-01
   0.7274595      0.4101374E-01
   0.7122266      0.4162307E-01
   0.6970704      0.4222604E-01
   0.6820666      0.4285907E-01
   0.6671478      0.4365383E-01
   0.6522387      0.4449132E-01
   0.6373224      0.4543759E-01
   0.6223406      0.4639378E-01
   0.6074783      0.4735680E-01
   0.5928507      0.4821859E-01
   0.5783012      0.4911693E-01
   0.5635868      0.4996242E-01
   0.5485992      0.5080741E-01
   0.5334247      0.5165583E-01
   0.5181527      0.5251157E-01
   0.5028589      0.5336777E-01
   0.4876122      0.5422160E-01
   0.4724855      0.5507286E-01
   0.4575334      0.5587133E-01
   0.4426253      0.5658757E-01
   0.4277738      0.5722277E-01
   0.4129119      0.5770609E-01
   0.3980486      0.5816842E-01
   0.3830978      0.5851818E-01
   0.3680684      0.5887881E-01
   0.3530976      0.5924840E-01
   0.3381783      0.5950032E-01
   0.3232726      0.5974508E-01
   0.3085349      0.5992182E-01
   0.2937065      0.5985405E-01
   0.2788334      0.5965991E-01
   0.2639303      0.5932024E-01
   0.2490134      0.5883279E-01
   0.2340338      0.5822631E-01
   0.2190657      0.5763818E-01
   0.2042322      0.5697323E-01
   0.1895537      0.5617934E-01
   0.1750326      0.5514232E-01
   0.1606879      0.5395433E-01
   0.1464267      0.5239165E-01
   0.1321695      0.5057371E-01
   0.1179752      0.4855830E-01
   0.1040292      0.4656408E-01
   0.9052078E-01  0.4444842E-01
   0.7771067E-01  0.4225202E-01
   0.6590278E-01  0.3964229E-01
   0.5490719E-01  0.3661017E-01
   0.4487197E-01  0.3336434E-01
   0.3590597E-01  0.3014391E-01
   0.2810020E-01  0.2714304E-01
   0.2149604E-01  0.2440047E-01
   0.1605066E-01  0.2167308E-01
   0.1160870E-01  0.1875488E-01
   0.8022944E-02  0.1565953E-01
   0.5178036E-02  0.1247333E-01
   0.2999858E-02  0.9250068E-02
   0.1429658E-02  0.6047058E-02
   0.4232393E-03  0.2924072E-02
  -0.3343737E-05 -0.8711913E-04
   0.2161486E-03 -0.3020686E-02
   0.1056283E-02 -0.6035191E-02
   0.2558659E-02 -0.9161704E-02
   0.4749391E-02 -0.1229020E-01
   0.7590346E-02 -0.1534602E-01
   0.1108457E-01 -0.1831369E-01
   0.1537066E-01 -0.2114066E-01
   0.2059983E-01 -0.2374645E-01
   0.2694787E-01 -0.2625381E-01
   0.3448224E-01 -0.2894349E-01
   0.4318406E-01 -0.3182208E-01
   0.5297418E-01 -0.3476404E-01
   0.6364805E-01 -0.3745416E-01
   0.7529089E-01 -0.3960263E-01
   0.8791742E-01 -0.4143765E-01
   0.1013047     -0.4304802E-01
   0.1152726     -0.4471841E-01
   0.1295937     -0.4629205E-01
   0.1440893     -0.4776900E-01
   0.1585300     -0.4904361E-01
   0.1730015     -0.5003965E-01
   0.1875509     -0.5076735E-01
   0.2021577     -0.5134659E-01
   0.2166846     -0.5181303E-01
   0.2310282     -0.5222362E-01
   0.2452065     -0.5262856E-01
   0.2594009     -0.5294917E-01
   0.2738510     -0.5317342E-01
   0.2884792     -0.5330099E-01
   0.3032206     -0.5328779E-01
   0.3179730     -0.5313738E-01
   0.3326444     -0.5283603E-01
   0.3472035     -0.5249405E-01
   0.3615731     -0.5204492E-01
   0.3758811     -0.5169237E-01
   0.3902372     -0.5123262E-01
   0.4045456     -0.5074780E-01
   0.4187213     -0.5019059E-01
   0.4326528     -0.4950683E-01
   0.4465334     -0.4880461E-01
   0.4605342     -0.4796495E-01
   0.4748404     -0.4704406E-01
   0.4893962     -0.4599818E-01
   0.5041468     -0.4493636E-01
   0.5188640     -0.4388771E-01
   0.5333880     -0.4276483E-01
   0.5478513     -0.4169223E-01
   0.5624016     -0.4054262E-01
   0.5770261     -0.3925482E-01
   0.5914719     -0.3799783E-01
   0.6054842     -0.3667696E-01
   0.6192490     -0.3529740E-01
   0.6329094     -0.3386330E-01
   0.6466624     -0.3239249E-01
   0.6605535     -0.3084941E-01
   0.6746660     -0.2936714E-01
   0.6890810     -0.2775503E-01
   0.7037485     -0.2611318E-01
   0.7184396     -0.2447633E-01
   0.7329780     -0.2278176E-01
   0.7473834     -0.2106022E-01
   0.7615919     -0.1923913E-01
   0.7757832     -0.1752779E-01
   0.7900738     -0.1570383E-01
   0.8045653     -0.1399928E-01
   0.8190997     -0.1243051E-01
   0.8335904     -0.1091870E-01
   0.8479387     -0.9518400E-02
   0.8621076     -0.8143803E-02
   0.8761933     -0.7012547E-02
   0.8902328     -0.5911815E-02
   0.9042087     -0.5075979E-02
   0.9179133     -0.4541233E-02
   0.9312986     -0.4307372E-02
   0.9439678     -0.4051674E-02
   0.9555555     -0.3779733E-02
   0.9657576     -0.3486374E-02
   0.9745591     -0.3118909E-02
   0.9819999     -0.2811403E-02
   0.9875000     -0.2600000E-02
