0.993750 0.001440 
0.987500 0.002620 
0.981250 0.003660 
0.975000 0.004580 
0.968750 0.005430 
0.962500 0.006210 
0.956250 0.006950 
0.950000 0.007670 
0.943750 0.008370 
0.937500 0.009060 
0.931250 0.009750 
0.925000 0.010450 
0.918750 0.011150 
0.912500 0.011870 
0.906250 0.012590 
0.900000 0.013330 
0.893750 0.014070 
0.887500 0.014820 
0.881250 0.015580 
0.875000 0.016340 
0.868750 0.017110 
0.862500 0.017870 
0.856250 0.018640 
0.850000 0.019400 
0.843750 0.020160 
0.837500 0.020910 
0.831250 0.021660 
0.825000 0.022400 
0.818750 0.023130 
0.812500 0.023850 
0.806250 0.024560 
0.800000 0.025260 
0.793750 0.025960 
0.787500 0.026640 
0.781250 0.027320 
0.775000 0.027980 
0.768750 0.028640 
0.762500 0.029290 
0.756250 0.029940 
0.750000 0.030580 
0.743750 0.031210 
0.737500 0.031840 
0.731250 0.032470 
0.725000 0.033090 
0.718750 0.033710 
0.712500 0.034320 
0.706250 0.034940 
0.700000 0.035550 
0.693750 0.036170 
0.687500 0.036780 
0.681250 0.037390 
0.675000 0.038010 
0.668750 0.038620 
0.662500 0.039230 
0.656250 0.039840 
0.650000 0.040440 
0.643750 0.041050 
0.637500 0.041650 
0.631250 0.042250 
0.625000 0.042850 
0.618750 0.043440 
0.612500 0.044030 
0.606250 0.044610 
0.600000 0.045190 
0.593750 0.045760 
0.587500 0.046320 
0.581250 0.046870 
0.575000 0.047410 
0.568750 0.047950 
0.562500 0.048470 
0.556250 0.048980 
0.550000 0.049480 
0.543750 0.049970 
0.537500 0.050450 
0.531250 0.050910 
0.525000 0.051360 
0.518750 0.051800 
0.512500 0.052220 
0.506250 0.052630 
0.500000 0.053030 
0.493750 0.053410 
0.487500 0.053780 
0.481250 0.054140 
0.475000 0.054490 
0.468750 0.054830 
0.462500 0.055150 
0.456250 0.055460 
0.450000 0.055760 
0.443750 0.056050 
0.437500 0.056330 
0.431250 0.056610 
0.425000 0.056870 
0.418750 0.057120 
0.412500 0.057370 
0.406250 0.057600 
0.400000 0.057830 
0.393750 0.058050 
0.387500 0.058270 
0.381250 0.058470 
0.375000 0.058670 
0.368750 0.058860 
0.362500 0.059030 
0.356250 0.059200 
0.350000 0.059360 
0.343750 0.059510 
0.337500 0.059650 
0.331250 0.059770 
0.325000 0.059880 
0.318750 0.059980 
0.312500 0.060050 
0.306250 0.060120 
0.300000 0.060160 
0.293750 0.060180 
0.287500 0.060180 
0.281250 0.060160 
0.275000 0.060110 
0.268750 0.060040 
0.262500 0.059940 
0.256250 0.059810 
0.250000 0.059660 
0.245000 0.059510 
0.240000 0.059350 
0.235000 0.059160 
0.230000 0.058950 
0.225000 0.058730 
0.220000 0.058480 
0.215000 0.058210 
0.210000 0.057920 
0.205000 0.057610 
0.200000 0.057280 
0.195000 0.056930 
0.190000 0.056560 
0.185000 0.056180 
0.180000 0.055770 
0.175000 0.055340 
0.170000 0.054900 
0.165000 0.054440 
0.160000 0.053960 
0.155000 0.053470 
0.150000 0.052960 
0.145000 0.052440 
0.140000 0.051900 
0.135000 0.051340 
0.130000 0.050770 
0.125000 0.050170 
0.120000 0.049560 
0.115000 0.048930 
0.110000 0.048280 
0.105000 0.047600 
0.100000 0.046890 
0.095000 0.046140 
0.090000 0.045350 
0.085000 0.044510 
0.080000 0.043610 
0.075000 0.042640 
0.070000 0.041590 
0.065000 0.040440 
0.060000 0.039190 
0.055000 0.037800 
0.050000 0.036250 
0.045000 0.034530 
0.040000 0.032600 
0.035000 0.030430 
0.030000 0.027990 
0.025000 0.025240 
0.020000 0.022120 
0.015000 0.018600 
0.010000 0.014610 
0.005000 0.010090 
0.000000 0.004980 
0.005000 -0.010090 
0.010000 -0.014610 
0.015000 -0.018610 
0.020000 -0.022130 
0.025000 -0.025250 
0.030000 -0.028010 
0.035000 -0.030450 
0.040000 -0.032620 
0.045000 -0.034550 
0.050000 -0.036280 
0.055000 -0.037820 
0.060000 -0.039220 
0.065000 -0.040480 
0.070000 -0.041630 
0.075000 -0.042680 
0.080000 -0.043650 
0.085000 -0.044550 
0.090000 -0.045390 
0.095000 -0.046180 
0.100000 -0.046930 
0.105000 -0.047650 
0.110000 -0.048330 
0.115000 -0.048990 
0.120000 -0.049620 
0.125000 -0.050230 
0.130000 -0.050820 
0.135000 -0.051390 
0.140000 -0.051950 
0.145000 -0.052490 
0.150000 -0.053010 
0.155000 -0.053520 
0.160000 -0.054010 
0.165000 -0.054490 
0.170000 -0.054950 
0.175000 -0.055390 
0.180000 -0.055820 
0.185000 -0.056220 
0.190000 -0.056610 
0.195000 -0.056980 
0.200000 -0.057320 
0.205000 -0.057650 
0.210000 -0.057960 
0.215000 -0.058250 
0.220000 -0.058510 
0.225000 -0.058760 
0.230000 -0.058980 
0.235000 -0.059190 
0.240000 -0.059370 
0.245000 -0.059540 
0.250000 -0.059680 
0.256250 -0.059830 
0.262500 -0.059960 
0.268750 -0.060050 
0.275000 -0.060120 
0.281250 -0.060170 
0.287500 -0.060190 
0.293750 -0.060180 
0.300000 -0.060160 
0.306250 -0.060110 
0.312500 -0.060050 
0.318750 -0.059970 
0.325000 -0.059870 
0.331250 -0.059760 
0.337500 -0.059630 
0.343750 -0.059500 
0.350000 -0.059350 
0.356250 -0.059180 
0.362500 -0.059010 
0.368750 -0.058830 
0.375000 -0.058640 
0.381250 -0.058450 
0.387500 -0.058240 
0.393750 -0.058030 
0.400000 -0.057810 
0.406250 -0.057580 
0.412500 -0.057340 
0.418750 -0.057090 
0.425000 -0.056840 
0.431250 -0.056580 
0.437500 -0.056300 
0.443750 -0.056020 
0.450000 -0.055730 
0.456250 -0.055430 
0.462500 -0.055120 
0.468750 -0.054800 
0.475000 -0.054460 
0.481250 -0.054120 
0.487500 -0.053760 
0.493750 -0.053390 
0.500000 -0.053000 
0.506250 -0.052610 
0.512500 -0.052200 
0.518750 -0.051770 
0.525000 -0.051340 
0.531250 -0.050890 
0.537500 -0.050430 
0.543750 -0.049950 
0.550000 -0.049460 
0.556250 -0.048960 
0.562500 -0.048450 
0.568750 -0.047930 
0.575000 -0.047400 
0.581250 -0.046850 
0.587500 -0.046300 
0.593750 -0.045740 
0.600000 -0.045170 
0.606250 -0.044590 
0.612500 -0.044010 
0.618750 -0.043420 
0.625000 -0.042830 
0.631250 -0.042230 
0.637500 -0.041620 
0.643750 -0.041020 
0.650000 -0.040410 
0.656250 -0.039800 
0.662500 -0.039180 
0.668750 -0.038570 
0.675000 -0.037950 
0.681250 -0.037340 
0.687500 -0.036720 
0.693750 -0.036100 
0.700000 -0.035480 
0.706250 -0.034850 
0.712500 -0.034230 
0.718750 -0.033600 
0.725000 -0.032970 
0.731250 -0.032340 
0.737500 -0.031700 
0.743750 -0.031060 
0.750000 -0.030410 
0.756250 -0.029760 
0.762500 -0.029100 
0.768750 -0.028430 
0.775000 -0.027760 
0.781250 -0.027070 
0.787500 -0.026380 
0.793750 -0.025680 
0.800000 -0.024970 
0.806250 -0.024240 
0.812500 -0.023510 
0.818750 -0.022770 
0.825000 -0.022010 
0.831250 -0.021250 
0.837500 -0.020480 
0.843750 -0.019700 
0.850000 -0.018920 
0.856250 -0.018130 
0.862500 -0.017340 
0.868750 -0.016550 
0.875000 -0.015750 
0.881250 -0.014960 
0.887500 -0.014180 
0.893750 -0.013400 
0.900000 -0.012630 
0.906250 -0.011870 
0.912500 -0.011120 
0.918750 -0.010380 
0.925000 -0.009640 
0.931250 -0.008920 
0.937500 -0.008200 
0.943750 -0.007490 
0.950000 -0.006770 
0.956250 -0.006030 
0.962500 -0.005270 
0.968750 -0.004470 
0.975000 -0.003610 
0.981250 -0.002670 
0.987500 -0.001630 
0.993750 -0.000440 
