  0.414411485    
  0.230181515    
  0.175542593    
  0.128713310    
   9.09231901E-02
   5.96002340E-02
   3.18518877E-02
   7.41732121E-03
  -1.49226189E-02
  -3.50749493E-02
  -5.41335344E-02
  -7.19872713E-02
  -8.89767408E-02
 -0.105303764    
 -0.121100068    
 -0.136439085    
 -0.151430726    
 -0.166254640    
 -0.180729032    
 -0.195477962    
 -0.209525466    
 -0.224163771    
 -0.238701463    
 -0.253130555    
 -0.267777562    
 -0.282588243    
 -0.297367334    
 -0.312598705    
 -0.327959299    
 -0.343541384    
 -0.359181285    
 -0.375576019    
 -0.391941905    
 -0.408988357    
 -0.425960302    
 -0.443592906    
 -0.461607218    
 -0.480002642    
 -0.499021530    
 -0.518424392    
 -0.538159966    
 -0.558861494    
 -0.579936266    
 -0.601636767    
 -0.624254227    
 -0.647361398    
 -0.671328306    
 -0.696500421    
 -0.722506404    
 -0.749670982    
 -0.777907252    
 -0.807897091    
 -0.839483738    
 -0.872853875    
 -0.908389807    
 -0.946494579    
 -0.986735582    
  -1.02986598    
  -1.07572031    
  -1.12288857    
  -1.17211533    
  -1.22168112    
  -1.27129292    
  -1.31962061    
  -1.36612463    
  -1.41003489    
  -1.45003796    
  -1.48683548    
  -1.51396108    
  -1.53465343    
  -1.54011130    
  -1.52685905    
  -1.48921037    
  -1.41848135    
  -1.30209756    
  -1.13703370    
 -0.912954450    
 -0.641269207    
 -0.337304473    
  -3.07935476E-02
  0.250755847    
  0.503272653    
  0.712757826    
  0.864403486    
  0.957046270    
  0.996313930    
  0.994943440    
  0.965225220    
  0.916631401    
  0.857540965    
  0.792158425    
  0.725061059    
  0.656805754    
  0.589827418    
  0.524235845    
  0.460923731    
  0.400064230    
  0.341726661    
  0.286597311    
  0.234973907    
  0.187700748    
  0.144796252    
  0.107340336    
   7.44095445E-02
   4.64968085E-02
   2.27321386E-02
   2.61527300E-03
  -1.42270327E-02
  -2.81714201E-02
  -3.98278236E-02
  -4.94036674E-02
  -5.72656393E-02
  -6.35566711E-02
  -6.85050488E-02
  -7.21917152E-02
  -7.50541687E-02
  -7.70641565E-02
  -7.80140162E-02
  -7.85651207E-02
  -7.84165859E-02
  -7.77909756E-02
  -7.65690804E-02
  -7.50145912E-02
  -7.32189417E-02
  -7.08395243E-02
  -6.86485767E-02
  -6.53966665E-02
  -6.28155470E-02
  -5.94446659E-02
  -5.59451580E-02
  -5.27379513E-02
  -4.87480164E-02
  -4.49557304E-02
  -4.09532785E-02
  -3.68915796E-02
  -3.28048468E-02
  -2.79623270E-02
  -2.37803459E-02
  -1.86742544E-02
  -1.40624046E-02
  -8.86058807E-03
  -3.70013714E-03
   2.11125612E-03
   8.28129053E-03
   1.37587190E-02
   2.07304358E-02
   2.78968811E-02
   3.52477431E-02
   4.37391400E-02
   5.26345968E-02
   6.29111528E-02
   7.40246177E-02
   8.71180296E-02
  0.102182567    
  0.119622171    
  0.141824543    
  0.168380916    
  0.204345345    
  0.249453783    
  0.414411485    
