   6.19869307E-03
   1.70324463E-02
   2.19200272E-02
   2.55221706E-02
   2.83687934E-02
   3.03250309E-02
   3.16077508E-02
   3.24472226E-02
   3.30578499E-02
   3.35083194E-02
   3.38713266E-02
   3.42064127E-02
   3.45097147E-02
   3.47889215E-02
   3.50441188E-02
   3.52954306E-02
   3.55427749E-02
   3.57940570E-02
   3.60214449E-02
   3.62448357E-02
   3.64362299E-02
   3.66636887E-02
   3.68870758E-02
   3.70742604E-02
   3.73017639E-02
   3.74930203E-02
   3.76926512E-02
   3.78880948E-02
   3.80835384E-02
   3.82832587E-02
   3.84744257E-02
   3.86698693E-02
   3.88696529E-02
   3.90651189E-02
   3.92282791E-02
   3.94237228E-02
   3.95956673E-02
   3.97866890E-02
   3.99821326E-02
   4.01541367E-02
   4.02892567E-02
   4.04847004E-02
   4.06288393E-02
   4.07684557E-02
   4.09035087E-02
   4.10197712E-02
   4.11547907E-02
   4.12385538E-02
   4.12990041E-02
   4.13177013E-02
   4.12664749E-02
   4.11593877E-02
   4.09639217E-02
   4.05963808E-02
   4.00379710E-02
   3.91768105E-02
   3.79439369E-02
   3.62169109E-02
   3.39792259E-02
   3.12988609E-02
   2.82523725E-02
   2.51563545E-02
   2.21967828E-02
   1.95164178E-02
   1.71431769E-02
   1.50491400E-02
   1.32931191E-02
   1.17558362E-02
   1.04143396E-02
   9.27063543E-03
   8.20953865E-03
   7.23221246E-03
   6.28281012E-03
   5.41657349E-03
   4.46827523E-03
   3.54590127E-03
   2.65244581E-03
   1.81503408E-03
   1.08889886E-03
   4.74648201E-04
   2.79220421E-05
  -2.79220403E-04
  -4.74701228E-04
  -5.30518766E-04
  -3.90908594E-04
  -1.39610202E-04
   1.95454297E-04
   6.70129026E-04
   1.20064779E-03
   1.78701070E-03
   2.45686527E-03
   3.18329060E-03
   4.04846994E-03
   5.05360728E-03
   6.28210837E-03
   7.70605309E-03
   9.40920226E-03
   1.14473980E-02
   1.37089565E-02
   1.61677655E-02
   1.87367368E-02
   2.12195665E-02
   2.34252848E-02
   2.53238771E-02
   2.68874243E-02
   2.81717665E-02
   2.92080864E-02
   3.00178714E-02
   3.07125300E-02
   3.12744342E-02
   3.17176692E-02
   3.21364738E-02
   3.24715227E-02
   3.27786468E-02
   3.30336206E-02
   3.32570076E-02
   3.34245488E-02
   3.35883386E-02
   3.37279439E-02
   3.38396244E-02
   3.38954665E-02
   3.39754336E-02
   3.40388678E-02
   3.41226421E-02
   3.41784880E-02
   3.41784880E-02
   3.41746695E-02
   3.42064127E-02
   3.42025906E-02
   3.41746695E-02
   3.41746695E-02
   3.41505632E-02
   3.41150202E-02
   3.40909101E-02
   3.40871029E-02
   3.40312682E-02
   3.39513049E-02
   3.38954665E-02
   3.38637643E-02
   3.37875560E-02
   3.36758643E-02
   3.36479396E-02
   3.35325003E-02
   3.34245488E-02
   3.33407782E-02
   3.32253724E-02
   3.31155397E-02
   3.29461694E-02
   3.28065678E-02
   3.25868428E-02
   3.23634520E-02
   3.20562944E-02
   3.16356719E-02
   3.09393499E-02
   2.98469961E-02
   2.80352961E-02
   2.53532138E-02
   2.19200272E-02
   1.71450917E-02
   6.53412286E-03
