  -4.77007823E-03
  -1.27463555E-02
  -1.61346681E-02
  -1.84208062E-02
  -2.00121030E-02
  -2.08909642E-02
  -2.12367456E-02
  -2.12403461E-02
  -2.10548490E-02
  -2.07558926E-02
  -2.03969553E-02
  -1.99989919E-02
  -1.95744727E-02
  -1.91314407E-02
  -1.86685976E-02
  -1.81946531E-02
  -1.77068934E-02
  -1.72100142E-02
  -1.67036410E-02
  -1.61886960E-02
  -1.56610142E-02
  -1.51315983E-02
  -1.45949777E-02
  -1.40493549E-02
  -1.34980837E-02
  -1.29419006E-02
  -1.23800710E-02
  -1.18146390E-02
  -1.12402039E-02
  -1.06621673E-02
  -1.00805294E-02
  -9.49528906E-03
  -8.90567340E-03
  -8.31412058E-03
  -7.71976216E-03
  -7.11831544E-03
  -6.51506847E-03
  -5.91430394E-03
  -5.30198263E-03
  -4.69452282E-03
  -4.08407301E-03
  -3.47182201E-03
  -2.85957125E-03
  -2.24577868E-03
  -1.63687044E-03
  -1.02461968E-03
  -4.21421166E-04
   1.81895462E-04
   7.76117900E-04
   1.35971361E-03
   1.93399214E-03
   2.49042013E-03
   3.01983696E-03
   3.51864123E-03
   3.96882556E-03
   4.35238285E-03
   4.64050053E-03
   4.80436767E-03
   4.82237525E-03
   4.69632354E-03
   4.44113091E-03
   4.09847870E-03
   3.72032379E-03
   3.33676673E-03
   2.97481846E-03
   2.64409231E-03
   2.34753196E-03
   2.08345335E-03
   1.84395525E-03
   1.62805442E-03
   1.42724905E-03
   1.23724935E-03
   1.05445343E-03
   8.75259342E-04
   6.99667202E-04
   5.29477897E-04
   3.67392815E-04
   2.24217671E-04
   1.08950902E-04
   2.79130418E-05
  -2.07096764E-05
  -3.78176701E-05
  -2.25118147E-05
   2.70141772E-05
   1.07150059E-04
   2.08003170E-04
   3.25961679E-04
   4.57440066E-04
   6.00615225E-04
   7.52795080E-04
   9.20176913E-04
   1.10205135E-03
   1.30560994E-03
   1.53251598E-03
   1.78903283E-03
   2.07817089E-03
   2.39885901E-03
   2.74628308E-03
   3.10087018E-03
   3.43350181E-03
   3.70321679E-03
   3.87247838E-03
   3.91750457E-03
   3.83601314E-03
   3.64331203E-03
   3.36017623E-03
   3.00813210E-03
   2.60386663E-03
   2.16178549E-03
   1.69108750E-03
   1.19659014E-03
   6.86081010E-04
   1.60265641E-04
  -3.76354146E-04
  -9.21977626E-04
  -1.47570448E-03
  -2.03483342E-03
  -2.59756390E-03
  -3.16479639E-03
  -3.73472972E-03
  -4.30736411E-03
  -4.87999897E-03
  -5.45353396E-03
  -6.02796907E-03
  -6.60150405E-03
  -7.17593916E-03
  -7.74766598E-03
  -8.32030829E-03
  -8.88934080E-03
  -9.45747364E-03
  -1.00247059E-02
  -1.05874371E-02
  -1.11483661E-02
  -1.17056947E-02
  -1.22608347E-02
  -1.28131481E-02
  -1.33587718E-02
  -1.39025943E-02
  -1.44392140E-02
  -1.49740335E-02
  -1.55007495E-02
  -1.60229634E-02
  -1.65370740E-02
  -1.70412809E-02
  -1.75454859E-02
  -1.80301629E-02
  -1.85061805E-02
  -1.89709626E-02
  -1.94166712E-02
  -1.98425706E-02
  -2.02243496E-02
  -2.05546375E-02
  -2.07775049E-02
  -2.08171252E-02
  -2.05289740E-02
  -1.97045803E-02
  -1.81886461E-02
  -1.59732569E-02
  -1.26491636E-02
  -4.76232497E-03
