   2.44793081    
   7.51057625    
   9.95094109    
   11.8478241    
   13.3698177    
   14.4696569    
   15.2365408    
   15.7707243    
   16.1787834    
   16.4952869    
   16.7687111    
   17.0130787    
   17.2337246    
   17.4451923    
   17.6383018    
   17.8261681    
   18.0035419    
   18.1751957    
   18.3418427    
   18.5068207    
   18.6594009    
   18.8177032    
   18.9698086    
   19.1183357    
   19.2651939    
   19.4107418    
   19.5499725    
   19.6944466    
   19.8323669    
   19.9702854    
   20.1017666    
   20.2399235    
   20.3677101    
   20.5027676    
   20.6248322    
   20.7492809    
   20.8695583    
   20.9845886    
   21.0973568    
   21.2032089    
   21.3002415    
   21.3940544    
   21.4767818    
   21.5474701    
   21.6087399    
   21.6518917    
   21.6756134    
   21.6833611    
   21.6604748    
   21.6046867    
   21.5037212    
   21.3522129    
   21.1283493    
   20.8064995    
   20.3555508    
   19.7348576    
   18.8875580    
   17.7838497    
   16.4146767    
   14.8147240    
   13.0959253    
   11.3722095    
   9.75390053    
   8.30187988    
   7.03820086    
   5.95499706    
   5.02842617    
   4.23631763    
   3.54171729    
   2.93616247    
   2.39202094    
   1.90122986    
   1.45716953    
   1.05924380    
  0.709836900    
  0.423373282    
  0.208436161    
   7.36087263E-02
   9.71157942E-03
  -7.09689641E-03
  -8.28898698E-03
  -2.47398354E-02
  -8.81603658E-02
 -0.222034112    
 -0.436017543    
 -0.721646667    
  -1.06962311    
  -1.46492612    
  -1.90970170    
  -2.39715481    
  -2.94022322    
  -3.54363251    
  -4.23429871    
  -5.02676487    
  -5.95023632    
  -7.02902985    
  -8.28710556    
  -9.73423862    
  -11.3486147    
  -13.0675325    
  -14.7806091    
  -16.3740063    
  -17.7384109    
  -18.8417606    
  -19.6810741    
  -20.3022442    
  -20.7518806    
  -21.0730152    
  -21.2946148    
  -21.4476738    
  -21.5448246    
  -21.6015644    
  -21.6239758    
  -21.6189690    
  -21.5915527    
  -21.5481625    
  -21.4903488    
  -21.4151306    
  -21.3347874    
  -21.2427616    
  -21.1440620    
  -21.0380898    
  -20.9256802    
  -20.8119602    
  -20.6891804    
  -20.5706921    
  -20.4375401    
  -20.3138084    
  -20.1804790    
  -20.0452118    
  -19.9143848    
  -19.7735767    
  -19.6345844    
  -19.4954739    
  -19.3533230    
  -19.2099514    
  -19.0603504    
  -18.9142361    
  -18.7605839    
  -18.6077938    
  -18.4492531    
  -18.2900257    
  -18.1196842    
  -17.9446030    
  -17.7766151    
  -17.5860691    
  -17.3892784    
  -17.1838017    
  -16.9576416    
  -16.7228851    
  -16.4415913    
  -16.1269855    
  -15.7213039    
  -15.1888933    
  -14.4291553    
  -13.3231211    
  -11.8155584    
  -9.92252064    
  -7.48936892    
  -2.45047784    
