  0.765237570    
  0.877393007    
  0.907996356    
  0.933427393    
  0.953455210    
  0.969742119    
  0.983945191    
  0.996284425    
   1.00743365    
   1.01738632    
   1.02671003    
   1.03536820    
   1.04354048    
   1.05133426    
   1.05882013    
   1.06603897    
   1.07304740    
   1.07993269    
   1.08661354    
   1.09337914    
   1.09978426    
   1.10641932    
   1.11296964    
   1.11943316    
   1.12595630    
   1.13251412    
   1.13902032    
   1.14568698    
   1.15237117    
   1.15911233    
   1.16583931    
   1.17284954    
   1.17980587    
   1.18700814    
   1.19413579    
   1.20149612    
   1.20896947    
   1.21655357    
   1.22434533    
   1.23224366    
   1.24022579    
   1.24854374    
   1.25695515    
   1.26555789    
   1.27446234    
   1.28349578    
   1.29279864    
   1.30249774    
   1.31244290    
   1.32275128    
   1.33338189    
   1.34458065    
   1.35627568    
   1.36852252    
   1.38144481    
   1.39516830    
   1.40951610    
   1.42473364    
   1.44073606    
   1.45701361    
   1.47380984    
   1.49053049    
   1.50708091    
   1.52303004    
   1.53822124    
   1.55242872    
   1.56525970    
   1.57697034    
   1.58554757    
   1.59205949    
   1.59377265    
   1.58960974    
   1.57772315    
   1.55514669    
   1.51726651    
   1.46185970    
   1.38309598    
   1.28112030    
   1.15641880    
   1.01528001    
  0.865588903    
  0.704788864    
  0.535949826    
  0.368234336    
  0.207252860    
   6.07128739E-02
  -7.11094737E-02
 -0.186479986    
 -0.288736224    
 -0.377437413    
 -0.455896437    
 -0.524346173    
 -0.585827827    
 -0.640447140    
 -0.689756572    
 -0.734218121    
 -0.774555206    
 -0.811340451    
 -0.844631672    
 -0.874657691    
 -0.901276469    
 -0.924772263    
 -0.944806695    
 -0.962076128    
 -0.976474881    
 -0.988568604    
 -0.998691499    
  -1.00708842    
  -1.01398790    
  -1.01971948    
  -1.02440405    
  -1.02823424    
  -1.03128886    
  -1.03368521    
  -1.03546691    
  -1.03684819    
  -1.03781700    
  -1.03827453    
  -1.03853989    
  -1.03846836    
  -1.03816712    
  -1.03757846    
  -1.03682911    
  -1.03596282    
  -1.03481376    
  -1.03375459    
  -1.03218055    
  -1.03092945    
  -1.02929330    
  -1.02759194    
  -1.02603018    
  -1.02408397    
  -1.02223074    
  -1.02027118    
  -1.01827872    
  -1.01627004    
  -1.01388478    
  -1.01182032    
  -1.00929391    
  -1.00700665    
  -1.00442052    
  -1.00184834    
 -0.998943806    
 -0.995850742    
 -0.993096828    
 -0.989580512    
 -0.985952914    
 -0.982218027    
 -0.977885902    
 -0.973326981    
 -0.968033493    
 -0.962276161    
 -0.955448568    
 -0.947532296    
 -0.938284516    
 -0.926377594    
 -0.911931515    
 -0.891994774    
 -0.866340697    
 -0.765237570    
