1.000000 0.000480 
0.991840 0.001880 
0.987760 0.003170 
0.983670 0.004390 
0.979590 0.005540 
0.975510 0.006650 
0.971430 0.007710 
0.967350 0.008740 
0.963270 0.009760 
0.959180 0.010760 
0.955100 0.011750 
0.951020 0.012740 
0.946940 0.013740 
0.942860 0.014740 
0.938780 0.015740 
0.934690 0.016760 
0.930610 0.017790 
0.926530 0.018830 
0.922450 0.019890 
0.918370 0.020960 
0.914290 0.022040 
0.910200 0.023130 
0.906120 0.024240 
0.902040 0.025350 
0.897960 0.026480 
0.893880 0.027610 
0.889800 0.028750 
0.885710 0.029900 
0.881630 0.031050 
0.877550 0.032200 
0.873470 0.033360 
0.869390 0.034520 
0.865310 0.035670 
0.861220 0.036830 
0.857140 0.037980 
0.853060 0.039120 
0.848980 0.040260 
0.844900 0.041400 
0.840820 0.042530 
0.836730 0.043650 
0.832650 0.044760 
0.828570 0.045860 
0.824490 0.046960 
0.820410 0.048040 
0.816330 0.049120 
0.812240 0.050180 
0.808160 0.051240 
0.804080 0.052280 
0.800000 0.053320 
0.787800 0.056350 
0.775550 0.059300 
0.763310 0.062170 
0.751060 0.064960 
0.738820 0.067690 
0.726570 0.070340 
0.714320 0.072950 
0.702080 0.075490 
0.689830 0.077980 
0.677590 0.080400 
0.665340 0.082760 
0.653100 0.085050 
0.640850 0.087250 
0.628600 0.089350 
0.616360 0.091350 
0.604110 0.093220 
0.591870 0.094960 
0.579620 0.096550 
0.567380 0.097990 
0.555130 0.099270 
0.542880 0.100380 
0.530640 0.101340 
0.518390 0.102140 
0.506150 0.102780 
0.493900 0.103290 
0.481650 0.103660 
0.469410 0.103920 
0.457160 0.104080 
0.444920 0.104160 
0.432670 0.104180 
0.420420 0.104140 
0.408180 0.104060 
0.395930 0.103960 
0.383690 0.103840 
0.371440 0.103700 
0.359200 0.103540 
0.346950 0.103360 
0.334700 0.103140 
0.322460 0.102860 
0.310210 0.102520 
0.297970 0.102070 
0.285720 0.101510 
0.273480 0.100800 
0.261230 0.099920 
0.248980 0.098850 
0.236740 0.097570 
0.224490 0.096080 
0.212250 0.094370 
0.200000 0.092460 
0.195900 0.091770 
0.191820 0.091070 
0.187740 0.090350 
0.183660 0.089610 
0.179580 0.088860 
0.175490 0.088090 
0.171410 0.087310 
0.167330 0.086510 
0.163250 0.085700 
0.159170 0.084880 
0.155090 0.084060 
0.151010 0.083230 
0.146930 0.082390 
0.142840 0.081550 
0.138760 0.080700 
0.134680 0.079860 
0.130600 0.079010 
0.126520 0.078160 
0.122440 0.077310 
0.118360 0.076460 
0.114280 0.075610 
0.110190 0.074760 
0.106110 0.073890 
0.102030 0.073020 
0.097950 0.072140 
0.093870 0.071240 
0.089790 0.070310 
0.085710 0.069360 
0.081620 0.068360 
0.077540 0.067320 
0.073460 0.066210 
0.069380 0.065030 
0.065300 0.063760 
0.061220 0.062380 
0.057140 0.060880 
0.053060 0.059220 
0.048980 0.057390 
0.044890 0.055350 
0.040810 0.053080 
0.036730 0.050530 
0.032650 0.047670 
0.028570 0.044460 
0.024490 0.040840 
0.020410 0.036760 
0.016330 0.032160 
0.012240 0.026990 
0.008160 0.021160 
0.004080 0.014610 
0.000000 0.007240 
0.000000 0.000000 
0.004080 -0.009930 
0.008160 -0.014080 
0.012240 -0.017770 
0.016330 -0.021030 
0.020410 -0.023930 
0.024490 -0.026500 
0.028570 -0.028770 
0.032650 -0.030790 
0.036730 -0.032590 
0.040810 -0.034190 
0.044890 -0.035620 
0.048980 -0.036900 
0.053060 -0.038060 
0.057140 -0.039100 
0.061220 -0.040060 
0.065300 -0.040940 
0.069380 -0.041750 
0.073460 -0.042510 
0.077540 -0.043220 
0.081620 -0.043900 
0.085710 -0.044550 
0.089790 -0.045170 
0.093870 -0.045780 
0.097950 -0.046380 
0.102030 -0.046960 
0.106110 -0.047540 
0.110190 -0.048120 
0.114280 -0.048690 
0.118360 -0.049260 
0.122440 -0.049830 
0.126520 -0.050390 
0.130600 -0.050960 
0.134680 -0.051520 
0.138760 -0.052090 
0.142840 -0.052640 
0.146930 -0.053200 
0.151010 -0.053750 
0.155090 -0.054300 
0.159170 -0.054840 
0.163250 -0.055370 
0.167330 -0.055900 
0.171410 -0.056410 
0.175490 -0.056920 
0.179580 -0.057410 
0.183660 -0.057890 
0.187740 -0.058350 
0.191820 -0.058810 
0.195900 -0.059240 
0.200000 -0.059670 
0.212250 -0.060830 
0.224490 -0.061840 
0.236740 -0.062690 
0.248980 -0.063380 
0.261230 -0.063920 
0.273480 -0.064330 
0.285720 -0.064610 
0.297970 -0.064790 
0.310210 -0.064890 
0.322460 -0.064930 
0.334700 -0.064910 
0.346950 -0.064850 
0.359200 -0.064770 
0.371440 -0.064660 
0.383690 -0.064540 
0.395930 -0.064400 
0.408180 -0.064230 
0.420420 -0.064040 
0.432670 -0.063810 
0.444920 -0.063520 
0.457160 -0.063170 
0.469410 -0.062750 
0.481650 -0.062230 
0.493900 -0.061610 
0.506150 -0.060870 
0.518390 -0.060010 
0.530640 -0.059020 
0.542880 -0.057890 
0.555130 -0.056630 
0.567380 -0.055230 
0.579620 -0.053700 
0.591870 -0.052040 
0.604110 -0.050260 
0.616360 -0.048390 
0.628600 -0.046420 
0.640850 -0.044370 
0.653100 -0.042260 
0.665340 -0.040110 
0.677590 -0.037920 
0.689830 -0.035710 
0.702080 -0.033490 
0.714320 -0.031270 
0.726570 -0.029060 
0.738820 -0.026880 
0.751060 -0.024710 
0.763310 -0.022570 
0.775550 -0.020460 
0.787800 -0.018390 
0.800000 -0.016370 
0.804080 -0.015710 
0.808160 -0.015050 
0.812240 -0.014390 
0.816330 -0.013740 
0.820410 -0.013100 
0.824490 -0.012470 
0.828570 -0.011850 
0.832650 -0.011230 
0.836730 -0.010620 
0.840820 -0.010030 
0.844900 -0.009450 
0.848980 -0.008870 
0.853060 -0.008310 
0.857140 -0.007770 
0.861220 -0.007240 
0.865310 -0.006730 
0.869390 -0.006240 
0.873470 -0.005770 
0.877550 -0.005310 
0.881630 -0.004880 
0.885710 -0.004480 
0.889800 -0.004100 
0.893880 -0.003750 
0.897960 -0.003430 
0.902040 -0.003140 
0.906120 -0.002880 
0.910200 -0.002660 
0.914290 -0.002470 
0.918370 -0.002320 
0.922450 -0.002210 
0.926530 -0.002140 
0.930610 -0.002120 
0.934690 -0.002130 
0.938780 -0.002190 
0.942860 -0.002300 
0.946940 -0.002450 
0.951020 -0.002640 
0.955100 -0.002880 
0.959180 -0.003170 
0.963270 -0.003490 
0.967350 -0.003860 
0.971430 -0.004260 
0.975510 -0.004700 
0.979590 -0.005160 
0.983670 -0.005650 
0.987760 -0.006160 
0.991840 -0.006680 
1.000000 -0.002990 
