  0.766664207    
  0.876268685    
  0.905625701    
  0.929756880    
  0.948444188    
  0.963572741    
  0.976642370    
  0.987846732    
  0.997987807    
   1.00687766    
   1.01517510    
   1.02286232    
   1.03003335    
   1.03691304    
   1.04339135    
   1.04967153    
   1.05570447    
   1.06159925    
   1.06732905    
   1.07308865    
   1.07850087    
   1.08412206    
   1.08962357    
   1.09504747    
   1.10049140    
   1.10594916    
   1.11131418    
   1.11684978    
   1.12232268    
   1.12784755    
   1.13330066    
   1.13901556    
   1.14459074    
   1.15041804    
   1.15607023    
   1.16191053    
   1.16779304    
   1.17371249    
   1.17976010    
   1.18583000    
   1.19189656    
   1.19816947    
   1.20443630    
   1.21075082    
   1.21721888    
   1.22366297    
   1.23016787    
   1.23687971    
   1.24358034    
   1.25036860    
   1.25716090    
   1.26414526    
   1.27119493    
   1.27828443    
   1.28545809    
   1.29275477    
   1.29987574    
   1.30700457    
   1.31399548    
   1.32031441    
   1.32625985    
   1.33129239    
   1.33538985    
   1.33815646    
   1.33941817    
   1.33891714    
   1.33618653    
   1.33136678    
   1.32234454    
   1.31006861    
   1.29171121    
   1.26625133    
   1.23180652    
   1.18584669    
   1.12430739    
   1.04597640    
  0.946525812    
  0.827813148    
  0.691810906    
  0.545492589    
  0.395529628    
  0.239334151    
   8.12888443E-02
  -7.02109039E-02
 -0.210909009    
 -0.334929615    
 -0.443408430    
 -0.535587549    
 -0.615556240    
 -0.683101058    
 -0.741649628    
 -0.791420460    
 -0.835387766    
 -0.873567045    
 -0.907369256    
 -0.937179089    
 -0.963649511    
 -0.987268090    
  -1.00814307    
  -1.02652097    
  -1.04229069    
  -1.05584216    
  -1.06687808    
  -1.07605648    
  -1.08323646    
  -1.08889496    
  -1.09325767    
  -1.09650421    
  -1.09873819    
  -1.10025418    
  -1.10108197    
  -1.10138524    
  -1.10118496    
  -1.10056424    
  -1.09955823    
  -1.09832084    
  -1.09684014    
  -1.09499669    
  -1.09310329    
  -1.09097719    
  -1.08872831    
  -1.08631122    
  -1.08379173    
  -1.08125329    
  -1.07849622    
  -1.07588851    
  -1.07286263    
  -1.07016277    
  -1.06717288    
  -1.06415176    
  -1.06128752    
  -1.05811942    
  -1.05504477    
  -1.05193603    
  -1.04878640    
  -1.04562867    
  -1.04221308    
  -1.03902161    
  -1.03550720    
  -1.03213716    
  -1.02854550    
  -1.02496183    
  -1.02106309    
  -1.01700914    
  -1.01323688    
  -1.00876439    
  -1.00415659    
 -0.999387026    
 -0.994050443    
 -0.988552511    
 -0.982143104    
 -0.975369215    
 -0.967409730    
 -0.958423376    
 -0.947910249    
 -0.934800446    
 -0.919068635    
 -0.897626340    
 -0.870672405    
 -0.766664207    
