   1.26000785E-03
   2.42181169E-03
   3.98208108E-03
   5.76278102E-03
   7.70724425E-03
   9.74431634E-03
   1.18160704E-02
   1.38865048E-02
   1.59365628E-02
   1.79570261E-02
   1.99438427E-02
   2.18953192E-02
   2.38107499E-02
   2.56898589E-02
   2.75325179E-02
   2.93386355E-02
   3.11078988E-02
   3.28399949E-02
   3.45344618E-02
   3.61906551E-02
   3.78078371E-02
   3.93850915E-02
   4.09213714E-02
   4.24154773E-02
   4.38660383E-02
   4.52715009E-02
   4.66302037E-02
   4.79402728E-02
   4.91996519E-02
   5.04061356E-02
   5.15573360E-02
   5.26506044E-02
   5.36831915E-02
   5.46520576E-02
   5.55539913E-02
   5.63855283E-02
   5.71429841E-02
   5.78224249E-02
   5.84196188E-02
   5.89300767E-02
   5.93490116E-02
   5.96712977E-02
   5.98914437E-02
   6.00036010E-02
   6.00015335E-02
   5.98785169E-02
   5.96273877E-02
   5.92404716E-02
   5.87095618E-02
   5.80259562E-02
   5.71804568E-02
   5.61635979E-02
   5.49659468E-02
   5.35788499E-02
   5.19958064E-02
   5.02146631E-02
   4.82411720E-02
   4.60930541E-02
   4.38033789E-02
   4.14199047E-02
   3.89981754E-02
   3.65903340E-02
   3.42355296E-02
   3.19561101E-02
   2.97595933E-02
   2.76432484E-02
   2.55982541E-02
   2.36129258E-02
   2.16745380E-02
   1.97703820E-02
   1.78882945E-02
   1.60171539E-02
   1.41471755E-02
   1.22703221E-02
   1.03813922E-02
   8.47913697E-03
   6.56745583E-03
   4.65698028E-03
   2.76118889E-03
   9.05691704E-04
  -9.05572611E-04
  -2.76095397E-03
  -4.65686619E-03
  -6.56723743E-03
  -8.47903267E-03
  -1.03811976E-02
  -1.22701405E-02
  -1.41470041E-02
  -1.60170048E-02
  -1.78881530E-02
  -1.97702143E-02
  -2.16743760E-02
  -2.36127377E-02
  -2.55980436E-02
  -2.76430305E-02
  -2.97594201E-02
  -3.19559313E-02
  -3.42353508E-02
  -3.65901403E-02
  -3.89979929E-02
  -4.14197184E-02
  -4.38031927E-02
  -4.60928939E-02
  -4.82410230E-02
  -5.02145477E-02
  -5.19957021E-02
  -5.35787717E-02
  -5.49658649E-02
  -5.61635308E-02
  -5.71803972E-02
  -5.80259152E-02
  -5.87095283E-02
  -5.92404380E-02
  -5.96273690E-02
  -5.98785058E-02
  -6.00015335E-02
  -6.00036085E-02
  -5.98914623E-02
  -5.96713200E-02
  -5.93490414E-02
  -5.89301176E-02
  -5.84196672E-02
  -5.78224696E-02
  -5.71430326E-02
  -5.63855805E-02
  -5.55540435E-02
  -5.46521097E-02
  -5.36832400E-02
  -5.26506640E-02
  -5.15574031E-02
  -5.04062064E-02
  -4.91997264E-02
  -4.79403473E-02
  -4.66302857E-02
  -4.52715941E-02
  -4.38661240E-02
  -4.24155742E-02
  -4.09214608E-02
  -3.93851846E-02
  -3.78079377E-02
  -3.61907668E-02
  -3.45345698E-02
  -3.28401104E-02
  -3.11080031E-02
  -2.93387379E-02
  -2.75326036E-02
  -2.56899334E-02
  -2.38108058E-02
  -2.18953602E-02
  -1.99438762E-02
  -1.79570615E-02
  -1.59365814E-02
  -1.38865113E-02
  -1.18160658E-02
  -9.74432845E-03
  -7.70725263E-03
  -5.76276099E-03
  -3.98206757E-03
  -2.42180424E-03
  -1.26000785E-03
