  -1.00000000    
 -0.991676986    
 -0.980363965    
 -0.967259407    
 -0.952709258    
 -0.937190473    
 -0.921109736    
 -0.904730678    
 -0.888198972    
 -0.871589065    
 -0.854937494    
 -0.838262141    
 -0.821572483    
 -0.804873109    
 -0.788166881    
 -0.771455944    
 -0.754741848    
 -0.738026023    
 -0.721309543    
 -0.704593956    
 -0.687880456    
 -0.671170294    
 -0.654464781    
 -0.637765169    
 -0.621072888    
 -0.604389191    
 -0.587715626    
 -0.571053684    
 -0.554404914    
 -0.537770748    
 -0.521153092    
 -0.504553616    
 -0.487974256    
 -0.471416980    
 -0.454883933    
 -0.438377470    
 -0.421900123    
 -0.405454695    
 -0.389044076    
 -0.372671753    
 -0.356341362    
 -0.340057105    
 -0.323823780    
 -0.307646781    
 -0.291532516    
 -0.275488138    
 -0.259522408    
 -0.243645817    
 -0.227870718    
 -0.212212905    
 -0.196692228    
 -0.181334555    
 -0.166174278    
 -0.151258364    
 -0.136651888    
 -0.122444458    
 -0.108756684    
  -9.57413614E-02
  -8.35723057E-02
  -7.24154562E-02
  -6.23889044E-02
  -5.35320193E-02
  -4.58024293E-02
  -3.90989594E-02
  -3.32931839E-02
  -2.82549690E-02
  -2.38663889E-02
  -2.00277381E-02
  -1.66577175E-02
  -1.36919003E-02
  -1.10803908E-02
  -8.78578983E-03
  -6.78118784E-03
  -5.04848594E-03
  -3.57720489E-03
  -2.36268016E-03
  -1.40361860E-03
  -6.99066382E-04
  -2.43507588E-04
  -2.60071502E-05
  -2.60002998E-05
  -2.43465896E-04
  -6.99031691E-04
  -1.40352349E-03
  -2.36262125E-03
  -3.57706705E-03
  -5.04833227E-03
  -6.78101787E-03
  -8.78561847E-03
  -1.10802064E-02
  -1.36916544E-02
  -1.66574493E-02
  -2.00273916E-02
  -2.38659605E-02
  -2.82544792E-02
  -3.32927443E-02
  -3.90984528E-02
  -4.58018631E-02
  -5.35313375E-02
  -6.23882003E-02
  -7.24146217E-02
  -8.35713595E-02
  -9.57404822E-02
 -0.108755745    
 -0.122443579    
 -0.136651039    
 -0.151257589    
 -0.166173324    
 -0.181333646    
 -0.196691290    
 -0.212211981    
 -0.227869764    
 -0.243644804    
 -0.259521455    
 -0.275487006    
 -0.291531324    
 -0.307645530    
 -0.323822469    
 -0.340055764    
 -0.356339931    
 -0.372670442    
 -0.389042854    
 -0.405453622    
 -0.421899110    
 -0.438376456    
 -0.454882950    
 -0.471415967    
 -0.487973392    
 -0.504552722    
 -0.521152139    
 -0.537769794    
 -0.554403901    
 -0.571052670    
 -0.587714612    
 -0.604387999    
 -0.621071756    
 -0.637764037    
 -0.654463768    
 -0.671169281    
 -0.687879443    
 -0.704592824    
 -0.721308529    
 -0.738024890    
 -0.754740834    
 -0.771455050    
 -0.788166046    
 -0.804872394    
 -0.821571946    
 -0.838261843    
 -0.854937196    
 -0.871588826    
 -0.888198793    
 -0.904730558    
 -0.921109736    
 -0.937190354    
 -0.952709258    
 -0.967259586    
 -0.980364084    
 -0.991677105    
  -1.00000000    
