  0.993749976    
  0.986024618    
  0.975271285    
  0.962631941    
  0.948518038    
  0.933617353    
  0.918569565    
  0.903536975    
  0.888378561    
  0.873203158    
  0.858109653    
  0.842912853    
  0.827602327    
  0.812254429    
  0.797012389    
  0.781915903    
  0.766740143    
  0.751402080    
  0.735978782    
  0.720674157    
  0.705536664    
  0.690369785    
  0.675069511    
  0.659711003    
  0.644424081    
  0.629039764    
  0.613640964    
  0.598236442    
  0.582819223    
  0.567457974    
  0.552047253    
  0.536621571    
  0.521197677    
  0.505772293    
  0.490336418    
  0.474864125    
  0.459421039    
  0.443980068    
  0.428639352    
  0.413360506    
  0.398139685    
  0.382918268    
  0.367625445    
  0.352269858    
  0.336886466    
  0.321600556    
  0.306557506    
  0.291477442    
  0.276392668    
  0.261375219    
  0.246451169    
  0.231608838    
  0.216755152    
  0.201881647    
  0.186984822    
  0.172069609    
  0.157108113    
  0.142184839    
  0.127427191    
  0.112886243    
   9.88308787E-02
   8.54873508E-02
   7.30650499E-02
   6.16924651E-02
   5.14748320E-02
   4.24028747E-02
   3.45168598E-02
   2.78107263E-02
   2.22469978E-02
   1.76940970E-02
   1.39647471E-02
   1.09478002E-02
   8.50580260E-03
   6.39365381E-03
   4.44836635E-03
   2.70850328E-03
   1.30354858E-03
   2.72636098E-04
  -3.69141781E-04
  -6.60899852E-04
  -6.54940610E-04
  -3.76874348E-04
   1.65630830E-04
   9.79215605E-04
   2.08361493E-03
   3.50997644E-03
   5.28901489E-03
   7.44692702E-03
   1.00654420E-02
   1.32363830E-02
   1.70926843E-02
   2.18453500E-02
   2.76254807E-02
   3.45319547E-02
   4.25958410E-02
   5.17999195E-02
   6.21372983E-02
   7.35672936E-02
   8.60448405E-02
   9.94520783E-02
  0.113552630    
  0.128115669    
  0.142956883    
  0.157902241    
  0.172833502    
  0.187695056    
  0.202504784    
  0.217231050    
  0.231860325    
  0.246532604    
  0.261410832    
  0.276416749    
  0.291461885    
  0.306588292    
  0.321815133    
  0.337062240    
  0.352294594    
  0.367616802    
  0.382921875    
  0.398279727    
  0.413733691    
  0.429176807    
  0.444558442    
  0.459965169    
  0.475247353    
  0.490450740    
  0.505618095    
  0.520786762    
  0.536049366    
  0.551426351    
  0.566850364    
  0.582204878    
  0.597584963    
  0.612963736    
  0.628297150    
  0.643498898    
  0.658637762    
  0.673714221    
  0.688908756    
  0.704193056    
  0.719487131    
  0.734879255    
  0.750242114    
  0.765566587    
  0.780791223    
  0.796057403    
  0.811314523    
  0.826575160    
  0.841906548    
  0.857291877    
  0.872671127    
  0.888026953    
  0.903382063    
  0.918636322    
  0.933678389    
  0.948476374    
  0.962573111    
  0.975242138    
  0.986032784    
  0.993749976    
