   1.44000002E-03
   2.87789479E-03
   4.54171374E-03
   6.19406160E-03
   7.83756841E-03
   9.48756188E-03
   1.11705279E-02
   1.29095484E-02
   1.47137148E-02
   1.65611748E-02
   1.84110831E-02
   2.02609897E-02
   2.20932942E-02
   2.38781013E-02
   2.55961008E-02
   2.72483658E-02
   2.88498905E-02
   3.04375514E-02
   3.19938250E-02
   3.35201100E-02
   3.50100249E-02
   3.65012065E-02
   3.80031429E-02
   3.95032689E-02
   4.09844294E-02
   4.24629115E-02
   4.39229012E-02
   4.53520976E-02
   4.67331186E-02
   4.80592027E-02
   4.93174270E-02
   5.05158156E-02
   5.16297594E-02
   5.26610650E-02
   5.36131151E-02
   5.44975325E-02
   5.53037710E-02
   5.60395569E-02
   5.67211434E-02
   5.73366657E-02
   5.78961447E-02
   5.84174618E-02
   5.88916093E-02
   5.93033098E-02
   5.96626587E-02
   5.99376671E-02
   6.01170883E-02
   6.01822399E-02
   6.01231158E-02
   5.99183440E-02
   5.95549978E-02
   5.90185039E-02
   5.83068579E-02
   5.74064627E-02
   5.63333593E-02
   5.50838597E-02
   5.36785610E-02
   5.21389320E-02
   5.04639298E-02
   4.86581698E-02
   4.67183217E-02
   4.45943512E-02
   4.22444381E-02
   3.96265425E-02
   3.67240049E-02
   3.35558616E-02
   3.02065331E-02
   2.68274583E-02
   2.35709623E-02
   2.05453560E-02
   1.78231914E-02
   1.54235512E-02
   1.32592972E-02
   1.13134608E-02
   9.62841511E-03
   8.16754159E-03
   6.81150937E-03
   5.46814222E-03
   4.06864006E-03
   2.58603739E-03
   1.01667119E-03
  -6.44244312E-04
  -2.40282877E-03
  -4.26520174E-03
  -6.23383513E-03
  -8.29773489E-03
  -1.04030166E-02
  -1.24776410E-02
  -1.46634290E-02
  -1.72369592E-02
  -2.01439783E-02
  -2.33234577E-02
  -2.67423913E-02
  -3.02336272E-02
  -3.36489417E-02
  -3.68536673E-02
  -3.97743285E-02
  -4.23881970E-02
  -4.47301343E-02
  -4.68492210E-02
  -4.88015749E-02
  -5.06002754E-02
  -5.22721857E-02
  -5.38062192E-02
  -5.52006289E-02
  -5.64314127E-02
  -5.74869066E-02
  -5.83683327E-02
  -5.90601601E-02
  -5.95862120E-02
  -5.99400215E-02
  -6.01334348E-02
  -6.01853058E-02
  -6.01069257E-02
  -5.99224865E-02
  -5.96391745E-02
  -5.92886843E-02
  -5.88636994E-02
  -5.83953485E-02
  -5.78717366E-02
  -5.72911464E-02
  -5.66685684E-02
  -5.59832156E-02
  -5.52466400E-02
  -5.44465668E-02
  -5.35872690E-02
  -5.26499525E-02
  -5.16305901E-02
  -5.05382642E-02
  -4.93468195E-02
  -4.80888300E-02
  -4.67658974E-02
  -4.53916229E-02
  -4.39665429E-02
  -4.25153971E-02
  -4.10442390E-02
  -3.95631865E-02
  -3.80771309E-02
  -3.65798436E-02
  -3.50568295E-02
  -3.35254744E-02
  -3.19688134E-02
  -3.03848069E-02
  -2.87713949E-02
  -2.71207970E-02
  -2.54197493E-02
  -2.36486066E-02
  -2.18184125E-02
  -1.99301969E-02
  -1.79980453E-02
  -1.60481129E-02
  -1.41141964E-02
  -1.22176288E-02
  -1.03934845E-02
  -8.63996241E-03
  -6.94731856E-03
  -5.26091736E-03
  -3.57516925E-03
  -1.88596349E-03
  -4.40000003E-04
